2 2 1 1 1 1 1 1.0 0.56 0.28 0.16 
2 3 1 1 1 1 1 1.0 0.42 0.57 0.01 
2 BestFit 1 1 1 1 1 1.0 0.96 0.04 0.0 
2 2 1 1 1 1 2 1.0 0.57 0.27 0.16 
2 3 1 1 1 1 2 1.0 0.51 0.48 0.01 
2 BestFit 1 1 1 1 2 1.0 0.98 0.02 0.0 
2 2 1 1 1 2 1 1.0 0.57 0.39 0.04 
2 3 1 1 1 2 1 1.0 0.36 0.64 0.0 
2 BestFit 1 1 1 2 1 1.0 0.97 0.03 0.0 
2 2 1 1 1 2 2 1.0 0.53 0.41 0.06 
2 3 1 1 1 2 2 1.0 0.38 0.61 0.01 
2 BestFit 1 1 1 2 2 1.0 0.99 0.0 0.01 
2 2 1 1 1 3 1 1.0 0.51 0.42 0.07 
2 3 1 1 1 3 1 1.0 0.35 0.64 0.01 
2 BestFit 1 1 1 3 1 1.0 0.98 0.02 0.0 
2 2 1 1 1 3 2 1.0 0.47 0.49 0.04 
2 3 1 1 1 3 2 1.0 0.37 0.61 0.02 
2 BestFit 1 1 1 3 2 1.0 1.0 0.0 0.0 
2 2 1 1 2 1 1 1.0 0.51 0.41 0.08 
2 3 1 1 2 1 1 1.0 0.41 0.57 0.02 
2 BestFit 1 1 2 1 1 1.0 0.97 0.03 0.0 
2 2 1 1 2 1 2 1.0 0.65 0.29 0.06 
2 3 1 1 2 1 2 1.0 0.44 0.55 0.01 
2 BestFit 1 1 2 1 2 1.0 0.99 0.01 0.0 
2 2 1 1 2 2 1 1.0 0.56 0.34 0.1 
2 3 1 1 2 2 1 1.0 0.3 0.68 0.02 
2 BestFit 1 1 2 2 1 1.0 1.0 0.0 0.0 
2 2 1 1 2 2 2 1.0 0.51 0.43 0.06 
2 3 1 1 2 2 2 1.0 0.43 0.56 0.01 
2 BestFit 1 1 2 2 2 1.0 1.0 0.0 0.0 
2 2 1 1 2 3 1 1.0 0.52 0.4 0.08 
2 3 1 1 2 3 1 1.0 0.38 0.61 0.01 
2 BestFit 1 1 2 3 1 1.0 0.96 0.03 0.01 
2 2 1 1 2 3 2 1.0 0.46 0.43 0.11 
2 3 1 1 2 3 2 1.0 0.38 0.62 0.0 
2 BestFit 1 1 2 3 2 1.0 0.97 0.03 0.0 
2 2 1 1 3 1 1 1.0 0.56 0.38 0.06 
2 3 1 1 3 1 1 1.0 0.55 0.43 0.02 
2 BestFit 1 1 3 1 1 1.0 0.91 0.09 0.0 
2 2 1 1 3 1 2 1.0 0.62 0.34 0.04 
2 3 1 1 3 1 2 1.0 0.38 0.62 0.0 
2 BestFit 1 1 3 1 2 1.0 0.97 0.03 0.0 
2 2 1 1 3 2 1 1.0 0.52 0.41 0.07 
2 3 1 1 3 2 1 1.0 0.44 0.56 0.0 
2 BestFit 1 1 3 2 1 1.0 0.96 0.04 0.0 
2 2 1 1 3 2 2 1.0 0.66 0.31 0.03 
2 3 1 1 3 2 2 1.0 0.44 0.56 0.0 
2 BestFit 1 1 3 2 2 1.0 0.97 0.03 0.0 
2 2 1 1 3 3 1 1.0 0.58 0.35 0.07 
2 3 1 1 3 3 1 1.0 0.54 0.45 0.01 
2 BestFit 1 1 3 3 1 1.0 0.96 0.04 0.0 
2 2 1 1 3 3 2 1.0 0.66 0.28 0.06 
2 3 1 1 3 3 2 1.0 0.46 0.54 0.0 
2 BestFit 1 1 3 3 2 1.0 0.98 0.02 0.0 
2 2 1 2 1 1 1 1.0 0.55 0.3 0.15 
2 3 1 2 1 1 1 1.0 0.44 0.54 0.02 
2 BestFit 1 2 1 1 1 1.0 0.94 0.04 0.02 
2 2 1 2 1 1 2 1.0 0.65 0.25 0.1 
2 3 1 2 1 1 2 1.0 0.51 0.47 0.02 
2 BestFit 1 2 1 1 2 1.0 0.96 0.04 0.0 
2 2 1 2 1 2 1 1.0 0.54 0.4 0.06 
2 3 1 2 1 2 1 1.0 0.46 0.54 0.0 
2 BestFit 1 2 1 2 1 1.0 0.96 0.03 0.01 
2 2 1 2 1 2 2 1.0 0.57 0.37 0.06 
2 3 1 2 1 2 2 1.0 0.41 0.57 0.02 
2 BestFit 1 2 1 2 2 1.0 0.96 0.02 0.02 
2 2 1 2 1 3 1 1.0 0.47 0.47 0.06 
2 3 1 2 1 3 1 1.0 0.36 0.63 0.01 
2 BestFit 1 2 1 3 1 1.0 0.99 0.0 0.01 
2 2 1 2 1 3 2 1.0 0.52 0.4 0.08 
2 3 1 2 1 3 2 1.0 0.36 0.61 0.03 
2 BestFit 1 2 1 3 2 1.0 0.98 0.02 0.0 
2 2 1 2 2 1 1 1.0 0.6 0.3 0.1 
2 3 1 2 2 1 1 1.0 0.48 0.52 0.0 
2 BestFit 1 2 2 1 1 1.0 0.94 0.03 0.03 
2 2 1 2 2 1 2 1.0 0.66 0.3 0.04 
2 3 1 2 2 1 2 1.0 0.42 0.58 0.0 
2 BestFit 1 2 2 1 2 1.0 0.98 0.0 0.02 
2 2 1 2 2 2 1 1.0 0.57 0.34 0.09 
2 3 1 2 2 2 1 1.0 0.53 0.46 0.01 
2 BestFit 1 2 2 2 1 1.0 0.96 0.04 0.0 
2 2 1 2 2 2 2 1.0 0.65 0.27 0.08 
2 3 1 2 2 2 2 1.0 0.44 0.53 0.03 
2 BestFit 1 2 2 2 2 1.0 0.97 0.03 0.0 
2 2 1 2 2 3 1 1.0 0.63 0.33 0.04 
2 3 1 2 2 3 1 1.0 0.37 0.62 0.01 
2 BestFit 1 2 2 3 1 1.0 0.98 0.02 0.0 
2 2 1 2 2 3 2 1.0 0.55 0.43 0.02 
2 3 1 2 2 3 2 1.0 0.4 0.6 0.0 
2 BestFit 1 2 2 3 2 1.0 1.0 0.0 0.0 
2 2 1 2 3 1 1 1.0 0.57 0.41 0.02 
2 3 1 2 3 1 1 1.0 0.46 0.54 0.0 
2 BestFit 1 2 3 1 1 1.0 0.98 0.01 0.01 
2 2 1 2 3 1 2 1.0 0.55 0.37 0.08 
2 3 1 2 3 1 2 1.0 0.39 0.61 0.0 
2 BestFit 1 2 3 1 2 1.0 0.93 0.05 0.02 
2 2 1 2 3 2 1 1.0 0.65 0.26 0.09 
2 3 1 2 3 2 1 1.0 0.48 0.5 0.02 
2 BestFit 1 2 3 2 1 1.0 0.96 0.02 0.02 
2 2 1 2 3 2 2 1.0 0.61 0.37 0.02 
2 3 1 2 3 2 2 1.0 0.42 0.58 0.0 
2 BestFit 1 2 3 2 2 1.0 0.98 0.02 0.0 
2 2 1 2 3 3 1 1.0 0.62 0.29 0.09 
2 3 1 2 3 3 1 1.0 0.4 0.59 0.01 
2 BestFit 1 2 3 3 1 1.0 0.95 0.05 0.0 
2 2 1 2 3 3 2 1.0 0.54 0.46 0.0 
2 3 1 2 3 3 2 1.0 0.32 0.65 0.03 
2 BestFit 1 2 3 3 2 1.0 0.99 0.01 0.0 
2 2 1 3 1 1 1 1.0 0.51 0.28 0.21 
2 3 1 3 1 1 1 1.0 0.46 0.54 0.0 
2 BestFit 1 3 1 1 1 1.0 0.94 0.04 0.02 
2 2 1 3 1 1 2 1.0 0.61 0.26 0.13 
2 3 1 3 1 1 2 1.0 0.42 0.57 0.01 
2 BestFit 1 3 1 1 2 1.0 0.95 0.03 0.02 
2 2 1 3 1 2 1 1.0 0.54 0.33 0.13 
2 3 1 3 1 2 1 1.0 0.38 0.59 0.03 
2 BestFit 1 3 1 2 1 1.0 0.94 0.04 0.02 
2 2 1 3 1 2 2 1.0 0.55 0.32 0.13 
2 3 1 3 1 2 2 1.0 0.39 0.56 0.05 
2 BestFit 1 3 1 2 2 1.0 0.97 0.03 0.0 
2 2 1 3 1 3 1 1.0 0.51 0.38 0.11 
2 3 1 3 1 3 1 1.0 0.37 0.59 0.04 
2 BestFit 1 3 1 3 1 1.0 0.97 0.02 0.01 
2 2 1 3 1 3 2 1.0 0.56 0.37 0.07 
2 3 1 3 1 3 2 1.0 0.37 0.62 0.01 
2 BestFit 1 3 1 3 2 1.0 0.94 0.04 0.02 
2 2 1 3 2 1 1 1.0 0.59 0.33 0.08 
2 3 1 3 2 1 1 1.0 0.46 0.54 0.0 
2 BestFit 1 3 2 1 1 1.0 0.94 0.04 0.02 
2 2 1 3 2 1 2 1.0 0.64 0.26 0.1 
2 3 1 3 2 1 2 1.0 0.43 0.57 0.0 
2 BestFit 1 3 2 1 2 1.0 0.94 0.06 0.0 
2 2 1 3 2 2 1 1.0 0.48 0.34 0.18 
2 3 1 3 2 2 1 1.0 0.27 0.68 0.05 
2 BestFit 1 3 2 2 1 1.0 0.98 0.01 0.01 
2 2 1 3 2 2 2 1.0 0.55 0.27 0.18 
2 3 1 3 2 2 2 1.0 0.41 0.58 0.01 
2 BestFit 1 3 2 2 2 1.0 0.98 0.02 0.0 
2 2 1 3 2 3 1 1.0 0.54 0.36 0.1 
2 3 1 3 2 3 1 1.0 0.36 0.62 0.02 
2 BestFit 1 3 2 3 1 1.0 0.94 0.05 0.01 
2 2 1 3 2 3 2 1.0 0.53 0.35 0.12 
2 3 1 3 2 3 2 1.0 0.37 0.62 0.01 
2 BestFit 1 3 2 3 2 1.0 0.89 0.09 0.02 
2 2 1 3 3 1 1 1.0 0.7 0.25 0.05 
2 3 1 3 3 1 1 1.0 0.42 0.58 0.0 
2 BestFit 1 3 3 1 1 1.0 0.95 0.04 0.01 
2 2 1 3 3 1 2 1.0 0.63 0.32 0.05 
2 3 1 3 3 1 2 1.0 0.47 0.53 0.0 
2 BestFit 1 3 3 1 2 1.0 0.96 0.02 0.02 
2 2 1 3 3 2 1 1.0 0.65 0.29 0.06 
2 3 1 3 3 2 1 1.0 0.38 0.62 0.0 
2 BestFit 1 3 3 2 1 1.0 0.95 0.04 0.01 
2 2 1 3 3 2 2 1.0 0.67 0.29 0.04 
2 3 1 3 3 2 2 1.0 0.51 0.49 0.0 
2 BestFit 1 3 3 2 2 1.0 0.95 0.03 0.02 
2 2 1 3 3 3 1 1.0 0.67 0.27 0.06 
2 3 1 3 3 3 1 1.0 0.48 0.52 0.0 
2 BestFit 1 3 3 3 1 1.0 0.96 0.02 0.02 
2 2 1 3 3 3 2 1.0 0.6 0.33 0.07 
2 3 1 3 3 3 2 1.0 0.42 0.57 0.01 
2 BestFit 1 3 3 3 2 1.0 0.94 0.05 0.01 
2 2 2 1 1 1 1 1.0 0.57 0.23 0.2 
2 3 2 1 1 1 1 1.0 0.58 0.38 0.04 
2 BestFit 2 1 1 1 1 1.0 0.99 0.01 0.0 
2 2 2 1 1 1 2 1.0 0.56 0.28 0.16 
2 3 2 1 1 1 2 1.0 0.55 0.44 0.01 
2 BestFit 2 1 1 1 2 1.0 0.99 0.01 0.0 
2 2 2 1 1 2 1 1.0 0.52 0.38 0.1 
2 3 2 1 1 2 1 1.0 0.43 0.55 0.02 
2 BestFit 2 1 1 2 1 1.0 0.99 0.01 0.0 
2 2 2 1 1 2 2 1.0 0.58 0.37 0.05 
2 3 2 1 1 2 2 1.0 0.43 0.55 0.02 
2 BestFit 2 1 1 2 2 1.0 0.97 0.03 0.0 
2 2 2 1 1 3 1 1.0 0.56 0.3 0.14 
2 3 2 1 1 3 1 1.0 0.42 0.53 0.05 
2 BestFit 2 1 1 3 1 1.0 0.98 0.01 0.01 
2 2 2 1 1 3 2 1.0 0.58 0.36 0.06 
2 3 2 1 1 3 2 1.0 0.44 0.52 0.04 
2 BestFit 2 1 1 3 2 1.0 0.98 0.01 0.01 
2 2 2 1 2 1 1 1.0 0.62 0.28 0.1 
2 3 2 1 2 1 1 1.0 0.5 0.49 0.01 
2 BestFit 2 1 2 1 1 1.0 0.98 0.02 0.0 
2 2 2 1 2 1 2 1.0 0.57 0.33 0.1 
2 3 2 1 2 1 2 1.0 0.39 0.59 0.02 
2 BestFit 2 1 2 1 2 1.0 1.0 0.0 0.0 
2 2 2 1 2 2 1 1.0 0.68 0.26 0.06 
2 3 2 1 2 2 1 1.0 0.38 0.61 0.01 
2 BestFit 2 1 2 2 1 1.0 0.99 0.01 0.0 
2 2 2 1 2 2 2 1.0 0.65 0.31 0.04 
2 3 2 1 2 2 2 1.0 0.49 0.49 0.02 
2 BestFit 2 1 2 2 2 1.0 0.99 0.01 0.0 
2 2 2 1 2 3 1 1.0 0.56 0.38 0.06 
2 3 2 1 2 3 1 1.0 0.4 0.57 0.03 
2 BestFit 2 1 2 3 1 1.0 0.97 0.03 0.0 
2 2 2 1 2 3 2 1.0 0.55 0.38 0.07 
2 3 2 1 2 3 2 1.0 0.45 0.52 0.03 
2 BestFit 2 1 2 3 2 1.0 0.98 0.02 0.0 
2 2 2 1 3 1 1 1.0 0.56 0.35 0.09 
2 3 2 1 3 1 1 1.0 0.46 0.54 0.0 
2 BestFit 2 1 3 1 1 1.0 0.98 0.02 0.0 
2 2 2 1 3 1 2 1.0 0.51 0.36 0.13 
2 3 2 1 3 1 2 1.0 0.41 0.58 0.01 
2 BestFit 2 1 3 1 2 1.0 0.97 0.03 0.0 
2 2 2 1 3 2 1 1.0 0.46 0.44 0.1 
2 3 2 1 3 2 1 1.0 0.39 0.59 0.02 
2 BestFit 2 1 3 2 1 1.0 0.97 0.03 0.0 
2 2 2 1 3 2 2 1.0 0.5 0.44 0.06 
2 3 2 1 3 2 2 1.0 0.38 0.59 0.03 
2 BestFit 2 1 3 2 2 1.0 0.97 0.03 0.0 
2 2 2 1 3 3 1 1.0 0.47 0.4 0.13 
2 3 2 1 3 3 1 1.0 0.44 0.52 0.04 
2 BestFit 2 1 3 3 1 1.0 0.98 0.02 0.0 
2 2 2 1 3 3 2 1.0 0.55 0.34 0.11 
2 3 2 1 3 3 2 1.0 0.44 0.5 0.06 
2 BestFit 2 1 3 3 2 1.0 0.95 0.05 0.0 
2 2 2 2 1 1 1 1.0 0.68 0.18 0.14 
2 3 2 2 1 1 1 1.0 0.57 0.42 0.01 
2 BestFit 2 2 1 1 1 1.0 0.97 0.03 0.0 
2 2 2 2 1 1 2 1.0 0.65 0.26 0.09 
2 3 2 2 1 1 2 1.0 0.43 0.57 0.0 
2 BestFit 2 2 1 1 2 1.0 0.97 0.03 0.0 
2 2 2 2 1 2 1 1.0 0.55 0.29 0.16 
2 3 2 2 1 2 1 1.0 0.46 0.54 0.0 
2 BestFit 2 2 1 2 1 1.0 1.0 0.0 0.0 
2 2 2 2 1 2 2 1.0 0.58 0.28 0.14 
2 3 2 2 1 2 2 1.0 0.49 0.48 0.03 
2 BestFit 2 2 1 2 2 1.0 0.99 0.01 0.0 
2 2 2 2 1 3 1 1.0 0.57 0.35 0.08 
2 3 2 2 1 3 1 1.0 0.43 0.54 0.03 
2 BestFit 2 2 1 3 1 1.0 0.98 0.01 0.01 
2 2 2 2 1 3 2 1.0 0.63 0.34 0.03 
2 3 2 2 1 3 2 1.0 0.42 0.55 0.03 
2 BestFit 2 2 1 3 2 1.0 1.0 0.0 0.0 
2 2 2 2 2 1 1 1.0 0.76 0.18 0.06 
2 3 2 2 2 1 1 1.0 0.55 0.44 0.01 
2 BestFit 2 2 2 1 1 1.0 0.98 0.01 0.01 
2 2 2 2 2 1 2 1.0 0.59 0.31 0.1 
2 3 2 2 2 1 2 1.0 0.46 0.52 0.02 
2 BestFit 2 2 2 1 2 1.0 0.97 0.02 0.01 
2 2 2 2 2 2 1 1.0 0.55 0.3 0.15 
2 3 2 2 2 2 1 1.0 0.45 0.53 0.02 
2 BestFit 2 2 2 2 1 1.0 0.96 0.04 0.0 
2 2 2 2 2 2 2 1.0 0.49 0.34 0.17 
2 3 2 2 2 2 2 1.0 0.48 0.51 0.01 
2 BestFit 2 2 2 2 2 1.0 0.97 0.03 0.0 
2 2 2 2 2 3 1 1.0 0.6 0.33 0.07 
2 3 2 2 2 3 1 1.0 0.43 0.53 0.04 
2 BestFit 2 2 2 3 1 1.0 0.96 0.04 0.0 
2 2 2 2 2 3 2 1.0 0.69 0.31 0.0 
2 3 2 2 2 3 2 1.0 0.45 0.52 0.03 
2 BestFit 2 2 2 3 2 1.0 0.98 0.02 0.0 
2 2 2 2 3 1 1 1.0 0.65 0.33 0.02 
2 3 2 2 3 1 1 1.0 0.4 0.6 0.0 
2 BestFit 2 2 3 1 1 1.0 0.97 0.02 0.01 
2 2 2 2 3 1 2 1.0 0.6 0.36 0.04 
2 3 2 2 3 1 2 1.0 0.38 0.61 0.01 
2 BestFit 2 2 3 1 2 1.0 0.98 0.02 0.0 
2 2 2 2 3 2 1 1.0 0.71 0.26 0.03 
2 3 2 2 3 2 1 1.0 0.49 0.51 0.0 
2 BestFit 2 2 3 2 1 1.0 0.97 0.03 0.0 
2 2 2 2 3 2 2 1.0 0.5 0.44 0.06 
2 3 2 2 3 2 2 1.0 0.44 0.56 0.0 
2 BestFit 2 2 3 2 2 1.0 0.96 0.04 0.0 
2 2 2 2 3 3 1 1.0 0.57 0.38 0.05 
2 3 2 2 3 3 1 1.0 0.55 0.44 0.01 
2 BestFit 2 2 3 3 1 1.0 0.95 0.05 0.0 
2 2 2 2 3 3 2 1.0 0.58 0.35 0.07 
2 3 2 2 3 3 2 1.0 0.5 0.47 0.03 
2 BestFit 2 2 3 3 2 1.0 0.96 0.04 0.0 
2 2 2 3 1 1 1 1.0 0.64 0.27 0.09 
2 3 2 3 1 1 1 1.0 0.5 0.5 0.0 
2 BestFit 2 3 1 1 1 1.0 0.98 0.02 0.0 
2 2 2 3 1 1 2 1.0 0.69 0.22 0.09 
2 3 2 3 1 1 2 1.0 0.44 0.56 0.0 
2 BestFit 2 3 1 1 2 1.0 0.97 0.03 0.0 
2 2 2 3 1 2 1 1.0 0.62 0.3 0.08 
2 3 2 3 1 2 1 1.0 0.44 0.54 0.02 
2 BestFit 2 3 1 2 1 1.0 0.96 0.02 0.02 
2 2 2 3 1 2 2 1.0 0.54 0.37 0.09 
2 3 2 3 1 2 2 1.0 0.45 0.53 0.02 
2 BestFit 2 3 1 2 2 1.0 0.99 0.01 0.0 
2 2 2 3 1 3 1 1.0 0.6 0.33 0.07 
2 3 2 3 1 3 1 1.0 0.41 0.58 0.01 
2 BestFit 2 3 1 3 1 1.0 0.95 0.04 0.01 
2 2 2 3 1 3 2 1.0 0.57 0.35 0.08 
2 3 2 3 1 3 2 1.0 0.32 0.66 0.02 
2 BestFit 2 3 1 3 2 1.0 0.98 0.02 0.0 
2 2 2 3 2 1 1 1.0 0.69 0.26 0.05 
2 3 2 3 2 1 1 1.0 0.54 0.46 0.0 
2 BestFit 2 3 2 1 1 1.0 0.98 0.01 0.01 
2 2 2 3 2 1 2 1.0 0.64 0.28 0.08 
2 3 2 3 2 1 2 1.0 0.53 0.47 0.0 
2 BestFit 2 3 2 1 2 1.0 0.98 0.01 0.01 
2 2 2 3 2 2 1 1.0 0.51 0.34 0.15 
2 3 2 3 2 2 1 1.0 0.43 0.55 0.02 
2 BestFit 2 3 2 2 1 1.0 0.96 0.03 0.01 
2 2 2 3 2 2 2 1.0 0.68 0.28 0.04 
2 3 2 3 2 2 2 1.0 0.4 0.59 0.01 
2 BestFit 2 3 2 2 2 1.0 0.94 0.04 0.02 
2 2 2 3 2 3 1 1.0 0.64 0.33 0.03 
2 3 2 3 2 3 1 1.0 0.38 0.62 0.0 
2 BestFit 2 3 2 3 1 1.0 0.95 0.03 0.02 
2 2 2 3 2 3 2 1.0 0.58 0.36 0.06 
2 3 2 3 2 3 2 1.0 0.43 0.55 0.02 
2 BestFit 2 3 2 3 2 1.0 0.96 0.04 0.0 
2 2 2 3 3 1 1 1.0 0.68 0.27 0.05 
2 3 2 3 3 1 1 1.0 0.53 0.46 0.01 
2 BestFit 2 3 3 1 1 1.0 0.96 0.03 0.01 
2 2 2 3 3 1 2 1.0 0.66 0.33 0.01 
2 3 2 3 3 1 2 1.0 0.51 0.49 0.0 
2 BestFit 2 3 3 1 2 1.0 0.94 0.05 0.01 
2 2 2 3 3 2 1 1.0 0.56 0.41 0.03 
2 3 2 3 3 2 1 1.0 0.43 0.57 0.0 
2 BestFit 2 3 3 2 1 1.0 0.97 0.02 0.01 
2 2 2 3 3 2 2 1.0 0.6 0.37 0.03 
2 3 2 3 3 2 2 1.0 0.46 0.54 0.0 
2 BestFit 2 3 3 2 2 1.0 0.96 0.03 0.01 
2 2 2 3 3 3 1 1.0 0.64 0.24 0.12 
2 3 2 3 3 3 1 1.0 0.39 0.59 0.02 
2 BestFit 2 3 3 3 1 1.0 0.98 0.02 0.0 
2 2 2 3 3 3 2 1.0 0.62 0.3 0.08 
2 3 2 3 3 3 2 1.0 0.39 0.59 0.02 
2 BestFit 2 3 3 3 2 1.0 0.92 0.06 0.02 
2 2 1 1 1 1 1 2.0 0.64 0.32 0.04 
2 3 1 1 1 1 1 2.0 0.49 0.51 0.0 
2 BestFit 1 1 1 1 1 2.0 0.99 0.01 0.0 
2 2 1 1 1 1 2 2.0 0.61 0.34 0.05 
2 3 1 1 1 1 2 2.0 0.49 0.51 0.0 
2 BestFit 1 1 1 1 2 2.0 0.97 0.03 0.0 
2 2 1 1 1 2 1 2.0 0.58 0.38 0.04 
2 3 1 1 1 2 1 2.0 0.47 0.53 0.0 
2 BestFit 1 1 1 2 1 2.0 0.97 0.03 0.0 
2 2 1 1 1 2 2 2.0 0.63 0.33 0.04 
2 3 1 1 1 2 2 2.0 0.41 0.59 0.0 
2 BestFit 1 1 1 2 2 2.0 0.96 0.04 0.0 
2 2 1 1 1 3 1 2.0 0.55 0.4 0.05 
2 3 1 1 1 3 1 2.0 0.47 0.53 0.0 
2 BestFit 1 1 1 3 1 2.0 0.98 0.02 0.0 
2 2 1 1 1 3 2 2.0 0.59 0.41 0.0 
2 3 1 1 1 3 2 2.0 0.33 0.67 0.0 
2 BestFit 1 1 1 3 2 2.0 0.98 0.02 0.0 
2 2 1 1 2 1 1 2.0 0.64 0.31 0.05 
2 3 1 1 2 1 1 2.0 0.5 0.5 0.0 
2 BestFit 1 1 2 1 1 2.0 0.98 0.01 0.01 
2 2 1 1 2 1 2 2.0 0.59 0.38 0.03 
2 3 1 1 2 1 2 2.0 0.42 0.58 0.0 
2 BestFit 1 1 2 1 2 2.0 0.97 0.02 0.01 
2 2 1 1 2 2 1 2.0 0.59 0.41 0.0 
2 3 1 1 2 2 1 2.0 0.38 0.62 0.0 
2 BestFit 1 1 2 2 1 2.0 0.94 0.06 0.0 
2 2 1 1 2 2 2 2.0 0.61 0.38 0.01 
2 3 1 1 2 2 2 2.0 0.48 0.52 0.0 
2 BestFit 1 1 2 2 2 2.0 0.97 0.03 0.0 
2 2 1 1 2 3 1 2.0 0.51 0.46 0.03 
2 3 1 1 2 3 1 2.0 0.38 0.62 0.0 
2 BestFit 1 1 2 3 1 2.0 0.98 0.02 0.0 
2 2 1 1 2 3 2 2.0 0.55 0.44 0.01 
2 3 1 1 2 3 2 2.0 0.41 0.58 0.01 
2 BestFit 1 1 2 3 2 2.0 0.97 0.03 0.0 
2 2 1 1 3 1 1 2.0 0.47 0.53 0.0 
2 3 1 1 3 1 1 2.0 0.37 0.62 0.01 
2 BestFit 1 1 3 1 1 2.0 0.92 0.06 0.02 
2 2 1 1 3 1 2 2.0 0.55 0.44 0.01 
2 3 1 1 3 1 2 2.0 0.47 0.52 0.01 
2 BestFit 1 1 3 1 2 2.0 0.94 0.03 0.03 
2 2 1 1 3 2 1 2.0 0.52 0.45 0.03 
2 3 1 1 3 2 1 2.0 0.44 0.56 0.0 
2 BestFit 1 1 3 2 1 2.0 0.96 0.04 0.0 
2 2 1 1 3 2 2 2.0 0.6 0.38 0.02 
2 3 1 1 3 2 2 2.0 0.51 0.49 0.0 
2 BestFit 1 1 3 2 2 2.0 0.99 0.01 0.0 
2 2 1 1 3 3 1 2.0 0.61 0.39 0.0 
2 3 1 1 3 3 1 2.0 0.5 0.5 0.0 
2 BestFit 1 1 3 3 1 2.0 0.99 0.01 0.0 
2 2 1 1 3 3 2 2.0 0.58 0.37 0.05 
2 3 1 1 3 3 2 2.0 0.47 0.53 0.0 
2 BestFit 1 1 3 3 2 2.0 0.98 0.02 0.0 
2 2 1 2 1 1 1 2.0 0.68 0.31 0.01 
2 3 1 2 1 1 1 2.0 0.45 0.55 0.0 
2 BestFit 1 2 1 1 1 2.0 0.95 0.04 0.01 
2 2 1 2 1 1 2 2.0 0.8 0.19 0.01 
2 3 1 2 1 1 2 2.0 0.52 0.48 0.0 
2 BestFit 1 2 1 1 2 2.0 0.9 0.07 0.03 
2 2 1 2 1 2 1 2.0 0.66 0.32 0.02 
2 3 1 2 1 2 1 2.0 0.39 0.61 0.0 
2 BestFit 1 2 1 2 1 2.0 0.95 0.03 0.02 
2 2 1 2 1 2 2 2.0 0.69 0.3 0.01 
2 3 1 2 1 2 2 2.0 0.39 0.61 0.0 
2 BestFit 1 2 1 2 2 2.0 0.92 0.06 0.02 
2 2 1 2 1 3 1 2.0 0.72 0.27 0.01 
2 3 1 2 1 3 1 2.0 0.35 0.64 0.01 
2 BestFit 1 2 1 3 1 2.0 0.98 0.02 0.0 
2 2 1 2 1 3 2 2.0 0.71 0.28 0.01 
2 3 1 2 1 3 2 2.0 0.44 0.56 0.0 
2 BestFit 1 2 1 3 2 2.0 0.99 0.01 0.0 
2 2 1 2 2 1 1 2.0 0.67 0.33 0.0 
2 3 1 2 2 1 1 2.0 0.5 0.5 0.0 
2 BestFit 1 2 2 1 1 2.0 0.95 0.05 0.0 
2 2 1 2 2 1 2 2.0 0.74 0.23 0.03 
2 3 1 2 2 1 2 2.0 0.47 0.53 0.0 
2 BestFit 1 2 2 1 2 2.0 0.98 0.02 0.0 
2 2 1 2 2 2 1 2.0 0.68 0.31 0.01 
2 3 1 2 2 2 1 2.0 0.42 0.58 0.0 
2 BestFit 1 2 2 2 1 2.0 0.96 0.02 0.02 
2 2 1 2 2 2 2 2.0 0.66 0.33 0.01 
2 3 1 2 2 2 2 2.0 0.49 0.51 0.0 
2 BestFit 1 2 2 2 2 2.0 0.95 0.03 0.02 
2 2 1 2 2 3 1 2.0 0.61 0.37 0.02 
2 3 1 2 2 3 1 2.0 0.36 0.63 0.01 
2 BestFit 1 2 2 3 1 2.0 0.97 0.03 0.0 
2 2 1 2 2 3 2 2.0 0.61 0.38 0.01 
2 3 1 2 2 3 2 2.0 0.46 0.54 0.0 
2 BestFit 1 2 2 3 2 2.0 0.98 0.02 0.0 
2 2 1 2 3 1 1 2.0 0.63 0.37 0.0 
2 3 1 2 3 1 1 2.0 0.39 0.6 0.01 
2 BestFit 1 2 3 1 1 2.0 0.94 0.06 0.0 
2 2 1 2 3 1 2 2.0 0.72 0.25 0.03 
2 3 1 2 3 1 2 2.0 0.43 0.56 0.01 
2 BestFit 1 2 3 1 2 2.0 0.93 0.05 0.02 
2 2 1 2 3 2 1 2.0 0.68 0.32 0.0 
2 3 1 2 3 2 1 2.0 0.47 0.53 0.0 
2 BestFit 1 2 3 2 1 2.0 0.92 0.07 0.01 
2 2 1 2 3 2 2 2.0 0.66 0.32 0.02 
2 3 1 2 3 2 2 2.0 0.45 0.55 0.0 
2 BestFit 1 2 3 2 2 2.0 0.94 0.02 0.04 
2 2 1 2 3 3 1 2.0 0.65 0.34 0.01 
2 3 1 2 3 3 1 2.0 0.38 0.62 0.0 
2 BestFit 1 2 3 3 1 2.0 0.97 0.03 0.0 
2 2 1 2 3 3 2 2.0 0.71 0.28 0.01 
2 3 1 2 3 3 2 2.0 0.44 0.56 0.0 
2 BestFit 1 2 3 3 2 2.0 0.95 0.05 0.0 
2 2 1 3 1 1 1 2.0 0.76 0.21 0.03 
2 3 1 3 1 1 1 2.0 0.44 0.56 0.0 
2 BestFit 1 3 1 1 1 2.0 0.94 0.03 0.03 
2 2 1 3 1 1 2 2.0 0.71 0.27 0.02 
2 3 1 3 1 1 2 2.0 0.49 0.51 0.0 
2 BestFit 1 3 1 1 2 2.0 0.97 0.02 0.01 
2 2 1 3 1 2 1 2.0 0.67 0.27 0.06 
2 3 1 3 1 2 1 2.0 0.42 0.57 0.01 
2 BestFit 1 3 1 2 1 2.0 0.97 0.03 0.0 
2 2 1 3 1 2 2 2.0 0.6 0.34 0.06 
2 3 1 3 1 2 2 2.0 0.52 0.48 0.0 
2 BestFit 1 3 1 2 2 2.0 0.97 0.01 0.02 
2 2 1 3 1 3 1 2.0 0.64 0.35 0.01 
2 3 1 3 1 3 1 2.0 0.4 0.58 0.02 
2 BestFit 1 3 1 3 1 2.0 0.95 0.03 0.02 
2 2 1 3 1 3 2 2.0 0.72 0.23 0.05 
2 3 1 3 1 3 2 2.0 0.4 0.59 0.01 
2 BestFit 1 3 1 3 2 2.0 0.96 0.03 0.01 
2 2 1 3 2 1 1 2.0 0.76 0.22 0.02 
2 3 1 3 2 1 1 2.0 0.51 0.49 0.0 
2 BestFit 1 3 2 1 1 2.0 0.94 0.05 0.01 
2 2 1 3 2 1 2 2.0 0.71 0.26 0.03 
2 3 1 3 2 1 2 2.0 0.51 0.49 0.0 
2 BestFit 1 3 2 1 2 2.0 0.94 0.06 0.0 
2 2 1 3 2 2 1 2.0 0.66 0.3 0.04 
2 3 1 3 2 2 1 2.0 0.51 0.49 0.0 
2 BestFit 1 3 2 2 1 2.0 0.93 0.05 0.02 
2 2 1 3 2 2 2 2.0 0.56 0.41 0.03 
2 3 1 3 2 2 2 2.0 0.46 0.53 0.01 
2 BestFit 1 3 2 2 2 2.0 0.95 0.05 0.0 
2 2 1 3 2 3 1 2.0 0.67 0.3 0.03 
2 3 1 3 2 3 1 2.0 0.46 0.51 0.03 
2 BestFit 1 3 2 3 1 2.0 0.93 0.06 0.01 
2 2 1 3 2 3 2 2.0 0.69 0.28 0.03 
2 3 1 3 2 3 2 2.0 0.43 0.57 0.0 
2 BestFit 1 3 2 3 2 2.0 0.89 0.1 0.01 
2 2 1 3 3 1 1 2.0 0.72 0.27 0.01 
2 3 1 3 3 1 1 2.0 0.38 0.61 0.01 
2 BestFit 1 3 3 1 1 2.0 0.96 0.04 0.0 
2 2 1 3 3 1 2 2.0 0.73 0.25 0.02 
2 3 1 3 3 1 2 2.0 0.46 0.53 0.01 
2 BestFit 1 3 3 1 2 2.0 0.9 0.08 0.02 
2 2 1 3 3 2 1 2.0 0.71 0.28 0.01 
2 3 1 3 3 2 1 2.0 0.49 0.5 0.01 
2 BestFit 1 3 3 2 1 2.0 0.9 0.08 0.02 
2 2 1 3 3 2 2 2.0 0.71 0.28 0.01 
2 3 1 3 3 2 2 2.0 0.52 0.48 0.0 
2 BestFit 1 3 3 2 2 2.0 0.91 0.08 0.01 
2 2 1 3 3 3 1 2.0 0.63 0.35 0.02 
2 3 1 3 3 3 1 2.0 0.44 0.56 0.0 
2 BestFit 1 3 3 3 1 2.0 0.93 0.06 0.01 
2 2 1 3 3 3 2 2.0 0.65 0.33 0.02 
2 3 1 3 3 3 2 2.0 0.46 0.54 0.0 
2 BestFit 1 3 3 3 2 2.0 0.94 0.03 0.03 
2 2 2 1 1 1 1 2.0 0.71 0.24 0.05 
2 3 2 1 1 1 1 2.0 0.53 0.47 0.0 
2 BestFit 2 1 1 1 1 2.0 1.0 0.0 0.0 
2 2 2 1 1 1 2 2.0 0.64 0.24 0.12 
2 3 2 1 1 1 2 2.0 0.53 0.47 0.0 
2 BestFit 2 1 1 1 2 2.0 0.99 0.01 0.0 
2 2 2 1 1 2 1 2.0 0.6 0.34 0.06 
2 3 2 1 1 2 1 2.0 0.47 0.52 0.01 
2 BestFit 2 1 1 2 1 2.0 0.98 0.02 0.0 
2 2 2 1 1 2 2 2.0 0.64 0.29 0.07 
2 3 2 1 1 2 2 2.0 0.49 0.51 0.0 
2 BestFit 2 1 1 2 2 2.0 0.99 0.01 0.0 
2 2 2 1 1 3 1 2.0 0.6 0.34 0.06 
2 3 2 1 1 3 1 2.0 0.43 0.55 0.02 
2 BestFit 2 1 1 3 1 2.0 0.98 0.02 0.0 
2 2 2 1 1 3 2 2.0 0.67 0.31 0.02 
2 3 2 1 1 3 2 2.0 0.54 0.44 0.02 
2 BestFit 2 1 1 3 2 2.0 0.98 0.02 0.0 
2 2 2 1 2 1 1 2.0 0.64 0.34 0.02 
2 3 2 1 2 1 1 2.0 0.55 0.45 0.0 
2 BestFit 2 1 2 1 1 2.0 1.0 0.0 0.0 
2 2 2 1 2 1 2 2.0 0.68 0.27 0.05 
2 3 2 1 2 1 2 2.0 0.53 0.47 0.0 
2 BestFit 2 1 2 1 2 2.0 0.97 0.02 0.01 
2 2 2 1 2 2 1 2.0 0.61 0.35 0.04 
2 3 2 1 2 2 1 2.0 0.45 0.53 0.02 
2 BestFit 2 1 2 2 1 2.0 0.98 0.01 0.01 
2 2 2 1 2 2 2 2.0 0.56 0.37 0.07 
2 3 2 1 2 2 2 2.0 0.49 0.51 0.0 
2 BestFit 2 1 2 2 2 2.0 0.98 0.02 0.0 
2 2 2 1 2 3 1 2.0 0.63 0.35 0.02 
2 3 2 1 2 3 1 2.0 0.55 0.44 0.01 
2 BestFit 2 1 2 3 1 2.0 0.98 0.02 0.0 
2 2 2 1 2 3 2 2.0 0.59 0.38 0.03 
2 3 2 1 2 3 2 2.0 0.48 0.52 0.0 
2 BestFit 2 1 2 3 2 2.0 0.99 0.01 0.0 
2 2 2 1 3 1 1 2.0 0.65 0.32 0.03 
2 3 2 1 3 1 1 2.0 0.54 0.46 0.0 
2 BestFit 2 1 3 1 1 2.0 0.98 0.02 0.0 
2 2 2 1 3 1 2 2.0 0.57 0.39 0.04 
2 3 2 1 3 1 2 2.0 0.45 0.54 0.01 
2 BestFit 2 1 3 1 2 2.0 0.99 0.01 0.0 
2 2 2 1 3 2 1 2.0 0.57 0.4 0.03 
2 3 2 1 3 2 1 2.0 0.54 0.46 0.0 
2 BestFit 2 1 3 2 1 2.0 0.96 0.04 0.0 
2 2 2 1 3 2 2 2.0 0.65 0.34 0.01 
2 3 2 1 3 2 2 2.0 0.47 0.52 0.01 
2 BestFit 2 1 3 2 2 2.0 1.0 0.0 0.0 
2 2 2 1 3 3 1 2.0 0.62 0.33 0.05 
2 3 2 1 3 3 1 2.0 0.49 0.5 0.01 
2 BestFit 2 1 3 3 1 2.0 0.93 0.07 0.0 
2 2 2 1 3 3 2 2.0 0.69 0.29 0.02 
2 3 2 1 3 3 2 2.0 0.49 0.5 0.01 
2 BestFit 2 1 3 3 2 2.0 0.96 0.04 0.0 
2 2 2 2 1 1 1 2.0 0.75 0.23 0.02 
2 3 2 2 1 1 1 2.0 0.56 0.44 0.0 
2 BestFit 2 2 1 1 1 2.0 0.97 0.03 0.0 
2 2 2 2 1 1 2 2.0 0.8 0.2 0.0 
2 3 2 2 1 1 2 2.0 0.5 0.5 0.0 
2 BestFit 2 2 1 1 2 2.0 0.97 0.03 0.0 
2 2 2 2 1 2 1 2.0 0.76 0.17 0.07 
2 3 2 2 1 2 1 2.0 0.49 0.51 0.0 
2 BestFit 2 2 1 2 1 2.0 0.98 0.02 0.0 
2 2 2 2 1 2 2 2.0 0.72 0.25 0.03 
2 3 2 2 1 2 2 2.0 0.51 0.49 0.0 
2 BestFit 2 2 1 2 2 2.0 0.97 0.03 0.0 
2 2 2 2 1 3 1 2.0 0.56 0.37 0.07 
2 3 2 2 1 3 1 2.0 0.41 0.58 0.01 
2 BestFit 2 2 1 3 1 2.0 0.96 0.04 0.0 
2 2 2 2 1 3 2 2.0 0.66 0.31 0.03 
2 3 2 2 1 3 2 2.0 0.47 0.53 0.0 
2 BestFit 2 2 1 3 2 2.0 0.98 0.02 0.0 
2 2 2 2 2 1 1 2.0 0.73 0.24 0.03 
2 3 2 2 2 1 1 2.0 0.41 0.58 0.01 
2 BestFit 2 2 2 1 1 2.0 0.99 0.01 0.0 
2 2 2 2 2 1 2 2.0 0.7 0.27 0.03 
2 3 2 2 2 1 2 2.0 0.45 0.55 0.0 
2 BestFit 2 2 2 1 2 2.0 0.96 0.04 0.0 
2 2 2 2 2 2 1 2.0 0.65 0.34 0.01 
2 3 2 2 2 2 1 2.0 0.52 0.48 0.0 
2 BestFit 2 2 2 2 1 2.0 0.97 0.03 0.0 
2 2 2 2 2 2 2 2.0 0.73 0.26 0.01 
2 3 2 2 2 2 2 2.0 0.57 0.43 0.0 
2 BestFit 2 2 2 2 2 2.0 0.97 0.03 0.0 
2 2 2 2 2 3 1 2.0 0.67 0.3 0.03 
2 3 2 2 2 3 1 2.0 0.44 0.56 0.0 
2 BestFit 2 2 2 3 1 2.0 0.98 0.02 0.0 
2 2 2 2 2 3 2 2.0 0.64 0.34 0.02 
2 3 2 2 2 3 2 2.0 0.45 0.55 0.0 
2 BestFit 2 2 2 3 2 2.0 0.96 0.04 0.0 
2 2 2 2 3 1 1 2.0 0.69 0.3 0.01 
2 3 2 2 3 1 1 2.0 0.5 0.5 0.0 
2 BestFit 2 2 3 1 1 2.0 0.98 0.02 0.0 
2 2 2 2 3 1 2 2.0 0.72 0.28 0.0 
2 3 2 2 3 1 2 2.0 0.55 0.45 0.0 
2 BestFit 2 2 3 1 2 2.0 0.96 0.02 0.02 
2 2 2 2 3 2 1 2.0 0.68 0.3 0.02 
2 3 2 2 3 2 1 2.0 0.48 0.5 0.02 
2 BestFit 2 2 3 2 1 2.0 0.95 0.04 0.01 
2 2 2 2 3 2 2 2.0 0.7 0.28 0.02 
2 3 2 2 3 2 2 2.0 0.38 0.62 0.0 
2 BestFit 2 2 3 2 2 2.0 1.0 0.0 0.0 
2 2 2 2 3 3 1 2.0 0.59 0.37 0.04 
2 3 2 2 3 3 1 2.0 0.48 0.52 0.0 
2 BestFit 2 2 3 3 1 2.0 0.99 0.01 0.0 
2 2 2 2 3 3 2 2.0 0.69 0.31 0.0 
2 3 2 2 3 3 2 2.0 0.5 0.5 0.0 
2 BestFit 2 2 3 3 2 2.0 0.96 0.04 0.0 
2 2 2 3 1 1 1 2.0 0.75 0.22 0.03 
2 3 2 3 1 1 1 2.0 0.47 0.53 0.0 
2 BestFit 2 3 1 1 1 2.0 0.98 0.01 0.01 
2 2 2 3 1 1 2 2.0 0.81 0.17 0.02 
2 3 2 3 1 1 2 2.0 0.49 0.49 0.02 
2 BestFit 2 3 1 1 2 2.0 0.95 0.04 0.01 
2 2 2 3 1 2 1 2.0 0.72 0.27 0.01 
2 3 2 3 1 2 1 2.0 0.58 0.42 0.0 
2 BestFit 2 3 1 2 1 2.0 0.94 0.05 0.01 
2 2 2 3 1 2 2 2.0 0.66 0.33 0.01 
2 3 2 3 1 2 2 2.0 0.4 0.6 0.0 
2 BestFit 2 3 1 2 2 2.0 0.93 0.04 0.03 
2 2 2 3 1 3 1 2.0 0.69 0.28 0.03 
2 3 2 3 1 3 1 2.0 0.41 0.59 0.0 
2 BestFit 2 3 1 3 1 2.0 0.94 0.04 0.02 
2 2 2 3 1 3 2 2.0 0.77 0.23 0.0 
2 3 2 3 1 3 2 2.0 0.53 0.47 0.0 
2 BestFit 2 3 1 3 2 2.0 0.95 0.04 0.01 
2 2 2 3 2 1 1 2.0 0.79 0.2 0.01 
2 3 2 3 2 1 1 2.0 0.51 0.49 0.0 
2 BestFit 2 3 2 1 1 2.0 0.93 0.06 0.01 
2 2 2 3 2 1 2 2.0 0.76 0.22 0.02 
2 3 2 3 2 1 2 2.0 0.49 0.51 0.0 
2 BestFit 2 3 2 1 2 2.0 0.91 0.08 0.01 
2 2 2 3 2 2 1 2.0 0.64 0.36 0.0 
2 3 2 3 2 2 1 2.0 0.44 0.56 0.0 
2 BestFit 2 3 2 2 1 2.0 0.97 0.01 0.02 
2 2 2 3 2 2 2 2.0 0.73 0.24 0.03 
2 3 2 3 2 2 2 2.0 0.5 0.5 0.0 
2 BestFit 2 3 2 2 2 2.0 0.97 0.01 0.02 
2 2 2 3 2 3 1 2.0 0.72 0.27 0.01 
2 3 2 3 2 3 1 2.0 0.39 0.61 0.0 
2 BestFit 2 3 2 3 1 2.0 0.94 0.03 0.03 
2 2 2 3 2 3 2 2.0 0.63 0.34 0.03 
2 3 2 3 2 3 2 2.0 0.5 0.49 0.01 
2 BestFit 2 3 2 3 2 2.0 0.95 0.05 0.0 
2 2 2 3 3 1 1 2.0 0.73 0.27 0.0 
2 3 2 3 3 1 1 2.0 0.53 0.47 0.0 
2 BestFit 2 3 3 1 1 2.0 0.94 0.03 0.03 
2 2 2 3 3 1 2 2.0 0.76 0.22 0.02 
2 3 2 3 3 1 2 2.0 0.44 0.56 0.0 
2 BestFit 2 3 3 1 2 2.0 0.91 0.03 0.06 
2 2 2 3 3 2 1 2.0 0.77 0.23 0.0 
2 3 2 3 3 2 1 2.0 0.52 0.48 0.0 
2 BestFit 2 3 3 2 1 2.0 0.97 0.02 0.01 
2 2 2 3 3 2 2 2.0 0.69 0.3 0.01 
2 3 2 3 3 2 2 2.0 0.47 0.53 0.0 
2 BestFit 2 3 3 2 2 2.0 0.94 0.05 0.01 
2 2 2 3 3 3 1 2.0 0.67 0.32 0.01 
2 3 2 3 3 3 1 2.0 0.46 0.53 0.01 
2 BestFit 2 3 3 3 1 2.0 0.96 0.02 0.02 
2 2 2 3 3 3 2 2.0 0.7 0.27 0.03 
2 3 2 3 3 3 2 2.0 0.6 0.4 0.0 
2 BestFit 2 3 3 3 2 2.0 0.92 0.06 0.02 
2 2 1 1 1 1 1 3.0 0.75 0.23 0.02 
2 3 1 1 1 1 1 3.0 0.51 0.49 0.0 
2 BestFit 1 1 1 1 1 3.0 0.96 0.04 0.0 
2 2 1 1 1 1 2 3.0 0.67 0.3 0.03 
2 3 1 1 1 1 2 3.0 0.45 0.55 0.0 
2 BestFit 1 1 1 1 2 3.0 0.96 0.04 0.0 
2 2 1 1 1 2 1 3.0 0.74 0.24 0.02 
2 3 1 1 1 2 1 3.0 0.43 0.57 0.0 
2 BestFit 1 1 1 2 1 3.0 0.99 0.01 0.0 
2 2 1 1 1 2 2 3.0 0.66 0.33 0.01 
2 3 1 1 1 2 2 3.0 0.45 0.55 0.0 
2 BestFit 1 1 1 2 2 3.0 0.97 0.02 0.01 
2 2 1 1 1 3 1 3.0 0.6 0.38 0.02 
2 3 1 1 1 3 1 3.0 0.48 0.52 0.0 
2 BestFit 1 1 1 3 1 3.0 0.97 0.03 0.0 
2 2 1 1 1 3 2 3.0 0.6 0.38 0.02 
2 3 1 1 1 3 2 3.0 0.41 0.58 0.01 
2 BestFit 1 1 1 3 2 3.0 0.97 0.03 0.0 
2 2 1 1 2 1 1 3.0 0.63 0.36 0.01 
2 3 1 1 2 1 1 3.0 0.42 0.58 0.0 
2 BestFit 1 1 2 1 1 3.0 0.99 0.01 0.0 
2 2 1 1 2 1 2 3.0 0.73 0.27 0.0 
2 3 1 1 2 1 2 3.0 0.53 0.47 0.0 
2 BestFit 1 1 2 1 2 3.0 0.96 0.03 0.01 
2 2 1 1 2 2 1 3.0 0.64 0.35 0.01 
2 3 1 1 2 2 1 3.0 0.48 0.51 0.01 
2 BestFit 1 1 2 2 1 3.0 0.99 0.01 0.0 
2 2 1 1 2 2 2 3.0 0.52 0.44 0.04 
2 3 1 1 2 2 2 3.0 0.49 0.51 0.0 
2 BestFit 1 1 2 2 2 3.0 0.97 0.03 0.0 
2 2 1 1 2 3 1 3.0 0.58 0.41 0.01 
2 3 1 1 2 3 1 3.0 0.45 0.55 0.0 
2 BestFit 1 1 2 3 1 3.0 1.0 0.0 0.0 
2 2 1 1 2 3 2 3.0 0.66 0.33 0.01 
2 3 1 1 2 3 2 3.0 0.47 0.53 0.0 
2 BestFit 1 1 2 3 2 3.0 0.97 0.03 0.0 
2 2 1 1 3 1 1 3.0 0.51 0.49 0.0 
2 3 1 1 3 1 1 3.0 0.52 0.48 0.0 
2 BestFit 1 1 3 1 1 3.0 0.97 0.03 0.0 
2 2 1 1 3 1 2 3.0 0.46 0.53 0.01 
2 3 1 1 3 1 2 3.0 0.33 0.67 0.0 
2 BestFit 1 1 3 1 2 3.0 0.96 0.04 0.0 
2 2 1 1 3 2 1 3.0 0.61 0.37 0.02 
2 3 1 1 3 2 1 3.0 0.49 0.51 0.0 
2 BestFit 1 1 3 2 1 3.0 0.98 0.02 0.0 
2 2 1 1 3 2 2 3.0 0.58 0.42 0.0 
2 3 1 1 3 2 2 3.0 0.52 0.48 0.0 
2 BestFit 1 1 3 2 2 3.0 0.96 0.04 0.0 
2 2 1 1 3 3 1 3.0 0.62 0.35 0.03 
2 3 1 1 3 3 1 3.0 0.47 0.53 0.0 
2 BestFit 1 1 3 3 1 3.0 0.99 0.01 0.0 
2 2 1 1 3 3 2 3.0 0.52 0.46 0.02 
2 3 1 1 3 3 2 3.0 0.53 0.47 0.0 
2 BestFit 1 1 3 3 2 3.0 0.99 0.01 0.0 
2 2 1 2 1 1 1 3.0 0.72 0.27 0.01 
2 3 1 2 1 1 1 3.0 0.44 0.56 0.0 
2 BestFit 1 2 1 1 1 3.0 0.94 0.06 0.0 
2 2 1 2 1 1 2 3.0 0.75 0.21 0.04 
2 3 1 2 1 1 2 3.0 0.53 0.47 0.0 
2 BestFit 1 2 1 1 2 3.0 0.98 0.02 0.0 
2 2 1 2 1 2 1 3.0 0.75 0.25 0.0 
2 3 1 2 1 2 1 3.0 0.5 0.5 0.0 
2 BestFit 1 2 1 2 1 3.0 0.98 0.02 0.0 
2 2 1 2 1 2 2 3.0 0.8 0.19 0.01 
2 3 1 2 1 2 2 3.0 0.46 0.53 0.01 
2 BestFit 1 2 1 2 2 3.0 0.95 0.05 0.0 
2 2 1 2 1 3 1 3.0 0.66 0.34 0.0 
2 3 1 2 1 3 1 3.0 0.36 0.64 0.0 
2 BestFit 1 2 1 3 1 3.0 0.95 0.05 0.0 
2 2 1 2 1 3 2 3.0 0.6 0.39 0.01 
2 3 1 2 1 3 2 3.0 0.33 0.67 0.0 
2 BestFit 1 2 1 3 2 3.0 0.95 0.05 0.0 
2 2 1 2 2 1 1 3.0 0.76 0.24 0.0 
2 3 1 2 2 1 1 3.0 0.52 0.47 0.01 
2 BestFit 1 2 2 1 1 3.0 0.94 0.06 0.0 
2 2 1 2 2 1 2 3.0 0.75 0.23 0.02 
2 3 1 2 2 1 2 3.0 0.46 0.54 0.0 
2 BestFit 1 2 2 1 2 3.0 0.97 0.02 0.01 
2 2 1 2 2 2 1 3.0 0.74 0.25 0.01 
2 3 1 2 2 2 1 3.0 0.5 0.5 0.0 
2 BestFit 1 2 2 2 1 3.0 0.94 0.06 0.0 
2 2 1 2 2 2 2 3.0 0.7 0.29 0.01 
2 3 1 2 2 2 2 3.0 0.52 0.48 0.0 
2 BestFit 1 2 2 2 2 3.0 0.93 0.07 0.0 
2 2 1 2 2 3 1 3.0 0.61 0.38 0.01 
2 3 1 2 2 3 1 3.0 0.47 0.53 0.0 
2 BestFit 1 2 2 3 1 3.0 0.99 0.01 0.0 
2 2 1 2 2 3 2 3.0 0.63 0.35 0.02 
2 3 1 2 2 3 2 3.0 0.43 0.57 0.0 
2 BestFit 1 2 2 3 2 3.0 0.95 0.04 0.01 
2 2 1 2 3 1 1 3.0 0.63 0.36 0.01 
2 3 1 2 3 1 1 3.0 0.46 0.53 0.01 
2 BestFit 1 2 3 1 1 3.0 0.88 0.12 0.0 
2 2 1 2 3 1 2 3.0 0.69 0.31 0.0 
2 3 1 2 3 1 2 3.0 0.47 0.53 0.0 
2 BestFit 1 2 3 1 2 3.0 0.95 0.04 0.01 
2 2 1 2 3 2 1 3.0 0.67 0.32 0.01 
2 3 1 2 3 2 1 3.0 0.57 0.43 0.0 
2 BestFit 1 2 3 2 1 3.0 0.96 0.04 0.0 
2 2 1 2 3 2 2 3.0 0.56 0.43 0.01 
2 3 1 2 3 2 2 3.0 0.4 0.59 0.01 
2 BestFit 1 2 3 2 2 3.0 0.96 0.03 0.01 
2 2 1 2 3 3 1 3.0 0.64 0.35 0.01 
2 3 1 2 3 3 1 3.0 0.5 0.5 0.0 
2 BestFit 1 2 3 3 1 3.0 0.93 0.07 0.0 
2 2 1 2 3 3 2 3.0 0.61 0.38 0.01 
2 3 1 2 3 3 2 3.0 0.52 0.48 0.0 
2 BestFit 1 2 3 3 2 3.0 0.98 0.02 0.0 
2 2 1 3 1 1 1 3.0 0.74 0.21 0.05 
2 3 1 3 1 1 1 3.0 0.57 0.42 0.01 
2 BestFit 1 3 1 1 1 3.0 0.96 0.04 0.0 
2 2 1 3 1 1 2 3.0 0.8 0.18 0.02 
2 3 1 3 1 1 2 3.0 0.52 0.48 0.0 
2 BestFit 1 3 1 1 2 3.0 0.93 0.07 0.0 
2 2 1 3 1 2 1 3.0 0.73 0.25 0.02 
2 3 1 3 1 2 1 3.0 0.46 0.54 0.0 
2 BestFit 1 3 1 2 1 3.0 0.93 0.06 0.01 
2 2 1 3 1 2 2 3.0 0.63 0.31 0.06 
2 3 1 3 1 2 2 3.0 0.43 0.57 0.0 
2 BestFit 1 3 1 2 2 3.0 0.94 0.06 0.0 
2 2 1 3 1 3 1 3.0 0.57 0.38 0.05 
2 3 1 3 1 3 1 3.0 0.44 0.56 0.0 
2 BestFit 1 3 1 3 1 3.0 0.99 0.01 0.0 
2 2 1 3 1 3 2 3.0 0.72 0.27 0.01 
2 3 1 3 1 3 2 3.0 0.37 0.62 0.01 
2 BestFit 1 3 1 3 2 3.0 0.95 0.05 0.0 
2 2 1 3 2 1 1 3.0 0.77 0.23 0.0 
2 3 1 3 2 1 1 3.0 0.54 0.46 0.0 
2 BestFit 1 3 2 1 1 3.0 0.96 0.04 0.0 
2 2 1 3 2 1 2 3.0 0.71 0.28 0.01 
2 3 1 3 2 1 2 3.0 0.54 0.46 0.0 
2 BestFit 1 3 2 1 2 3.0 0.93 0.07 0.0 
2 2 1 3 2 2 1 3.0 0.71 0.27 0.02 
2 3 1 3 2 2 1 3.0 0.55 0.45 0.0 
2 BestFit 1 3 2 2 1 3.0 0.9 0.1 0.0 
2 2 1 3 2 2 2 3.0 0.72 0.23 0.05 
2 3 1 3 2 2 2 3.0 0.53 0.47 0.0 
2 BestFit 1 3 2 2 2 3.0 0.95 0.05 0.0 
2 2 1 3 2 3 1 3.0 0.78 0.22 0.0 
2 3 1 3 2 3 1 3.0 0.42 0.57 0.01 
2 BestFit 1 3 2 3 1 3.0 0.91 0.09 0.0 
2 2 1 3 2 3 2 3.0 0.72 0.27 0.01 
2 3 1 3 2 3 2 3.0 0.45 0.55 0.0 
2 BestFit 1 3 2 3 2 3.0 0.95 0.05 0.0 
2 2 1 3 3 1 1 3.0 0.76 0.23 0.01 
2 3 1 3 3 1 1 3.0 0.54 0.46 0.0 
2 BestFit 1 3 3 1 1 3.0 0.88 0.12 0.0 
2 2 1 3 3 1 2 3.0 0.75 0.24 0.01 
2 3 1 3 3 1 2 3.0 0.54 0.45 0.01 
2 BestFit 1 3 3 1 2 3.0 0.85 0.14 0.01 
2 2 1 3 3 2 1 3.0 0.66 0.31 0.03 
2 3 1 3 3 2 1 3.0 0.41 0.59 0.0 
2 BestFit 1 3 3 2 1 3.0 0.93 0.07 0.0 
2 2 1 3 3 2 2 3.0 0.64 0.35 0.01 
2 3 1 3 3 2 2 3.0 0.41 0.58 0.01 
2 BestFit 1 3 3 2 2 3.0 0.94 0.04 0.02 
2 2 1 3 3 3 1 3.0 0.72 0.27 0.01 
2 3 1 3 3 3 1 3.0 0.47 0.53 0.0 
2 BestFit 1 3 3 3 1 3.0 0.91 0.09 0.0 
2 2 1 3 3 3 2 3.0 0.7 0.3 0.0 
2 3 1 3 3 3 2 3.0 0.45 0.55 0.0 
2 BestFit 1 3 3 3 2 3.0 0.9 0.1 0.0 
2 2 2 1 1 1 1 3.0 0.73 0.27 0.0 
2 3 2 1 1 1 1 3.0 0.49 0.51 0.0 
2 BestFit 2 1 1 1 1 3.0 0.99 0.01 0.0 
2 2 2 1 1 1 2 3.0 0.63 0.36 0.01 
2 3 2 1 1 1 2 3.0 0.47 0.53 0.0 
2 BestFit 2 1 1 1 2 3.0 1.0 0.0 0.0 
2 2 2 1 1 2 1 3.0 0.7 0.29 0.01 
2 3 2 1 1 2 1 3.0 0.46 0.53 0.01 
2 BestFit 2 1 1 2 1 3.0 0.98 0.02 0.0 
2 2 2 1 1 2 2 3.0 0.65 0.34 0.01 
2 3 2 1 1 2 2 3.0 0.39 0.6 0.01 
2 BestFit 2 1 1 2 2 3.0 0.98 0.02 0.0 
2 2 2 1 1 3 1 3.0 0.64 0.34 0.02 
2 3 2 1 1 3 1 3.0 0.5 0.49 0.01 
2 BestFit 2 1 1 3 1 3.0 0.99 0.01 0.0 
2 2 2 1 1 3 2 3.0 0.67 0.32 0.01 
2 3 2 1 1 3 2 3.0 0.36 0.64 0.0 
2 BestFit 2 1 1 3 2 3.0 1.0 0.0 0.0 
2 2 2 1 2 1 1 3.0 0.68 0.31 0.01 
2 3 2 1 2 1 1 3.0 0.47 0.51 0.02 
2 BestFit 2 1 2 1 1 3.0 0.99 0.01 0.0 
2 2 2 1 2 1 2 3.0 0.69 0.29 0.02 
2 3 2 1 2 1 2 3.0 0.57 0.43 0.0 
2 BestFit 2 1 2 1 2 3.0 0.99 0.01 0.0 
2 2 2 1 2 2 1 3.0 0.62 0.35 0.03 
2 3 2 1 2 2 1 3.0 0.43 0.57 0.0 
2 BestFit 2 1 2 2 1 3.0 1.0 0.0 0.0 
2 2 2 1 2 2 2 3.0 0.65 0.32 0.03 
2 3 2 1 2 2 2 3.0 0.5 0.5 0.0 
2 BestFit 2 1 2 2 2 3.0 1.0 0.0 0.0 
2 2 2 1 2 3 1 3.0 0.56 0.43 0.01 
2 3 2 1 2 3 1 3.0 0.56 0.43 0.01 
2 BestFit 2 1 2 3 1 3.0 0.99 0.01 0.0 
2 2 2 1 2 3 2 3.0 0.67 0.31 0.02 
2 3 2 1 2 3 2 3.0 0.47 0.53 0.0 
2 BestFit 2 1 2 3 2 3.0 0.97 0.03 0.0 
2 2 2 1 3 1 1 3.0 0.62 0.37 0.01 
2 3 2 1 3 1 1 3.0 0.55 0.45 0.0 
2 BestFit 2 1 3 1 1 3.0 0.97 0.03 0.0 
2 2 2 1 3 1 2 3.0 0.67 0.31 0.02 
2 3 2 1 3 1 2 3.0 0.48 0.52 0.0 
2 BestFit 2 1 3 1 2 3.0 0.98 0.02 0.0 
2 2 2 1 3 2 1 3.0 0.55 0.43 0.02 
2 3 2 1 3 2 1 3.0 0.38 0.62 0.0 
2 BestFit 2 1 3 2 1 3.0 0.99 0.01 0.0 
2 2 2 1 3 2 2 3.0 0.6 0.39 0.01 
2 3 2 1 3 2 2 3.0 0.57 0.43 0.0 
2 BestFit 2 1 3 2 2 3.0 0.99 0.01 0.0 
2 2 2 1 3 3 1 3.0 0.61 0.38 0.01 
2 3 2 1 3 3 1 3.0 0.45 0.54 0.01 
2 BestFit 2 1 3 3 1 3.0 0.99 0.01 0.0 
2 2 2 1 3 3 2 3.0 0.6 0.37 0.03 
2 3 2 1 3 3 2 3.0 0.41 0.59 0.0 
2 BestFit 2 1 3 3 2 3.0 0.97 0.03 0.0 
2 2 2 2 1 1 1 3.0 0.85 0.15 0.0 
2 3 2 2 1 1 1 3.0 0.63 0.37 0.0 
2 BestFit 2 2 1 1 1 3.0 0.95 0.05 0.0 
2 2 2 2 1 1 2 3.0 0.75 0.23 0.02 
2 3 2 2 1 1 2 3.0 0.47 0.53 0.0 
2 BestFit 2 2 1 1 2 3.0 0.98 0.02 0.0 
2 2 2 2 1 2 1 3.0 0.77 0.21 0.02 
2 3 2 2 1 2 1 3.0 0.48 0.52 0.0 
2 BestFit 2 2 1 2 1 3.0 0.98 0.02 0.0 
2 2 2 2 1 2 2 3.0 0.75 0.22 0.03 
2 3 2 2 1 2 2 3.0 0.47 0.52 0.01 
2 BestFit 2 2 1 2 2 3.0 1.0 0.0 0.0 
2 2 2 2 1 3 1 3.0 0.66 0.32 0.02 
2 3 2 2 1 3 1 3.0 0.53 0.47 0.0 
2 BestFit 2 2 1 3 1 3.0 0.99 0.01 0.0 
2 2 2 2 1 3 2 3.0 0.67 0.31 0.02 
2 3 2 2 1 3 2 3.0 0.44 0.56 0.0 
2 BestFit 2 2 1 3 2 3.0 0.96 0.04 0.0 
2 2 2 2 2 1 1 3.0 0.75 0.25 0.0 
2 3 2 2 2 1 1 3.0 0.48 0.52 0.0 
2 BestFit 2 2 2 1 1 3.0 0.93 0.07 0.0 
2 2 2 2 2 1 2 3.0 0.79 0.19 0.02 
2 3 2 2 2 1 2 3.0 0.61 0.39 0.0 
2 BestFit 2 2 2 1 2 3.0 0.97 0.03 0.0 
2 2 2 2 2 2 1 3.0 0.68 0.3 0.02 
2 3 2 2 2 2 1 3.0 0.54 0.46 0.0 
2 BestFit 2 2 2 2 1 3.0 0.96 0.04 0.0 
2 2 2 2 2 2 2 3.0 0.67 0.31 0.02 
2 3 2 2 2 2 2 3.0 0.55 0.45 0.0 
2 BestFit 2 2 2 2 2 3.0 0.96 0.03 0.01 
2 2 2 2 2 3 1 3.0 0.77 0.23 0.0 
2 3 2 2 2 3 1 3.0 0.48 0.51 0.01 
2 BestFit 2 2 2 3 1 3.0 0.98 0.02 0.0 
2 2 2 2 2 3 2 3.0 0.74 0.25 0.01 
2 3 2 2 2 3 2 3.0 0.51 0.49 0.0 
2 BestFit 2 2 2 3 2 3.0 0.94 0.05 0.01 
2 2 2 2 3 1 1 3.0 0.65 0.35 0.0 
2 3 2 2 3 1 1 3.0 0.62 0.38 0.0 
2 BestFit 2 2 3 1 1 3.0 0.94 0.06 0.0 
2 2 2 2 3 1 2 3.0 0.67 0.32 0.01 
2 3 2 2 3 1 2 3.0 0.5 0.5 0.0 
2 BestFit 2 2 3 1 2 3.0 0.99 0.01 0.0 
2 2 2 2 3 2 1 3.0 0.72 0.26 0.02 
2 3 2 2 3 2 1 3.0 0.49 0.51 0.0 
2 BestFit 2 2 3 2 1 3.0 0.97 0.03 0.0 
2 2 2 2 3 2 2 3.0 0.73 0.27 0.0 
2 3 2 2 3 2 2 3.0 0.65 0.35 0.0 
2 BestFit 2 2 3 2 2 3.0 0.94 0.04 0.02 
2 2 2 2 3 3 1 3.0 0.68 0.31 0.01 
2 3 2 2 3 3 1 3.0 0.51 0.48 0.01 
2 BestFit 2 2 3 3 1 3.0 0.95 0.05 0.0 
2 2 2 2 3 3 2 3.0 0.77 0.23 0.0 
2 3 2 2 3 3 2 3.0 0.55 0.45 0.0 
2 BestFit 2 2 3 3 2 3.0 0.97 0.03 0.0 
2 2 2 3 1 1 1 3.0 0.78 0.21 0.01 
2 3 2 3 1 1 1 3.0 0.52 0.48 0.0 
2 BestFit 2 3 1 1 1 3.0 0.91 0.09 0.0 
2 2 2 3 1 1 2 3.0 0.77 0.22 0.01 
2 3 2 3 1 1 2 3.0 0.48 0.52 0.0 
2 BestFit 2 3 1 1 2 3.0 0.93 0.07 0.0 
2 2 2 3 1 2 1 3.0 0.8 0.19 0.01 
2 3 2 3 1 2 1 3.0 0.53 0.47 0.0 
2 BestFit 2 3 1 2 1 3.0 0.98 0.02 0.0 
2 2 2 3 1 2 2 3.0 0.7 0.28 0.02 
2 3 2 3 1 2 2 3.0 0.48 0.52 0.0 
2 BestFit 2 3 1 2 2 3.0 0.94 0.06 0.0 
2 2 2 3 1 3 1 3.0 0.65 0.34 0.01 
2 3 2 3 1 3 1 3.0 0.38 0.62 0.0 
2 BestFit 2 3 1 3 1 3.0 0.93 0.07 0.0 
2 2 2 3 1 3 2 3.0 0.7 0.28 0.02 
2 3 2 3 1 3 2 3.0 0.47 0.53 0.0 
2 BestFit 2 3 1 3 2 3.0 0.93 0.07 0.0 
2 2 2 3 2 1 1 3.0 0.78 0.2 0.02 
2 3 2 3 2 1 1 3.0 0.5 0.5 0.0 
2 BestFit 2 3 2 1 1 3.0 0.97 0.03 0.0 
2 2 2 3 2 1 2 3.0 0.79 0.19 0.02 
2 3 2 3 2 1 2 3.0 0.49 0.51 0.0 
2 BestFit 2 3 2 1 2 3.0 0.96 0.04 0.0 
2 2 2 3 2 2 1 3.0 0.65 0.34 0.01 
2 3 2 3 2 2 1 3.0 0.53 0.47 0.0 
2 BestFit 2 3 2 2 1 3.0 0.94 0.06 0.0 
2 2 2 3 2 2 2 3.0 0.66 0.34 0.0 
2 3 2 3 2 2 2 3.0 0.42 0.58 0.0 
2 BestFit 2 3 2 2 2 3.0 0.95 0.05 0.0 
2 2 2 3 2 3 1 3.0 0.75 0.24 0.01 
2 3 2 3 2 3 1 3.0 0.44 0.56 0.0 
2 BestFit 2 3 2 3 1 3.0 0.95 0.05 0.0 
2 2 2 3 2 3 2 3.0 0.71 0.29 0.0 
2 3 2 3 2 3 2 3.0 0.5 0.5 0.0 
2 BestFit 2 3 2 3 2 3.0 0.96 0.04 0.0 
2 2 2 3 3 1 1 3.0 0.75 0.25 0.0 
2 3 2 3 3 1 1 3.0 0.46 0.54 0.0 
2 BestFit 2 3 3 1 1 3.0 0.98 0.02 0.0 
2 2 2 3 3 1 2 3.0 0.75 0.25 0.0 
2 3 2 3 3 1 2 3.0 0.51 0.49 0.0 
2 BestFit 2 3 3 1 2 3.0 0.95 0.05 0.0 
2 2 2 3 3 2 1 3.0 0.74 0.26 0.0 
2 3 2 3 3 2 1 3.0 0.52 0.48 0.0 
2 BestFit 2 3 3 2 1 3.0 0.92 0.08 0.0 
2 2 2 3 3 2 2 3.0 0.79 0.21 0.0 
2 3 2 3 3 2 2 3.0 0.44 0.56 0.0 
2 BestFit 2 3 3 2 2 3.0 0.94 0.06 0.0 
2 2 2 3 3 3 1 3.0 0.72 0.28 0.0 
2 3 2 3 3 3 1 3.0 0.43 0.57 0.0 
2 BestFit 2 3 3 3 1 3.0 0.96 0.04 0.0 
2 2 2 3 3 3 2 3.0 0.7 0.3 0.0 
2 3 2 3 3 3 2 3.0 0.49 0.51 0.0 
2 BestFit 2 3 3 3 2 3.0 0.93 0.07 0.0 
3 2 1 1 1 1 1 1.0 0.01 0.25 0.74 
3 3 1 1 1 1 1 1.0 0.0 0.93 0.07 
3 BestFit 1 1 1 1 1 1.0 0.04 0.96 0.0 
3 2 1 1 1 1 2 1.0 0.01 0.21 0.78 
3 3 1 1 1 1 2 1.0 0.0 0.84 0.16 
3 BestFit 1 1 1 1 2 1.0 0.02 0.98 0.0 
3 2 1 1 1 2 1 1.0 0.0 0.26 0.74 
3 3 1 1 1 2 1 1.0 0.0 0.86 0.14 
3 BestFit 1 1 1 2 1 1.0 0.02 0.98 0.0 
3 2 1 1 1 2 2 1.0 0.0 0.31 0.69 
3 3 1 1 1 2 2 1.0 0.0 0.92 0.08 
3 BestFit 1 1 1 2 2 1.0 0.04 0.95 0.01 
3 2 1 1 1 3 1 1.0 0.0 0.29 0.71 
3 3 1 1 1 3 1 1.0 0.0 0.92 0.08 
3 BestFit 1 1 1 3 1 1.0 0.03 0.97 0.0 
3 2 1 1 1 3 2 1.0 0.01 0.26 0.73 
3 3 1 1 1 3 2 1.0 0.01 0.94 0.05 
3 BestFit 1 1 1 3 2 1.0 0.02 0.98 0.0 
3 2 1 1 2 1 1 1.0 0.0 0.26 0.74 
3 3 1 1 2 1 1 1.0 0.0 0.9 0.1 
3 BestFit 1 1 2 1 1 1.0 0.03 0.97 0.0 
3 2 1 1 2 1 2 1.0 0.0 0.25 0.75 
3 3 1 1 2 1 2 1.0 0.0 0.91 0.09 
3 BestFit 1 1 2 1 2 1.0 0.01 0.99 0.0 
3 2 1 1 2 2 1 1.0 0.01 0.28 0.71 
3 3 1 1 2 2 1 1.0 0.0 0.92 0.08 
3 BestFit 1 1 2 2 1 1.0 0.02 0.96 0.02 
3 2 1 1 2 2 2 1.0 0.0 0.19 0.81 
3 3 1 1 2 2 2 1.0 0.0 0.9 0.1 
3 BestFit 1 1 2 2 2 1.0 0.02 0.98 0.0 
3 2 1 1 2 3 1 1.0 0.03 0.28 0.69 
3 3 1 1 2 3 1 1.0 0.0 0.88 0.12 
3 BestFit 1 1 2 3 1 1.0 0.0 1.0 0.0 
3 2 1 1 2 3 2 1.0 0.0 0.25 0.75 
3 3 1 1 2 3 2 1.0 0.0 0.89 0.11 
3 BestFit 1 1 2 3 2 1.0 0.03 0.97 0.0 
3 2 1 1 3 1 1 1.0 0.01 0.27 0.72 
3 3 1 1 3 1 1 1.0 0.0 0.84 0.16 
3 BestFit 1 1 3 1 1 1.0 0.04 0.96 0.0 
3 2 1 1 3 1 2 1.0 0.0 0.19 0.81 
3 3 1 1 3 1 2 1.0 0.0 0.87 0.13 
3 BestFit 1 1 3 1 2 1.0 0.05 0.95 0.0 
3 2 1 1 3 2 1 1.0 0.0 0.32 0.68 
3 3 1 1 3 2 1 1.0 0.0 0.89 0.11 
3 BestFit 1 1 3 2 1 1.0 0.04 0.96 0.0 
3 2 1 1 3 2 2 1.0 0.01 0.27 0.72 
3 3 1 1 3 2 2 1.0 0.01 0.88 0.11 
3 BestFit 1 1 3 2 2 1.0 0.02 0.98 0.0 
3 2 1 1 3 3 1 1.0 0.0 0.22 0.78 
3 3 1 1 3 3 1 1.0 0.0 0.92 0.08 
3 BestFit 1 1 3 3 1 1.0 0.08 0.92 0.0 
3 2 1 1 3 3 2 1.0 0.0 0.38 0.62 
3 3 1 1 3 3 2 1.0 0.0 0.81 0.19 
3 BestFit 1 1 3 3 2 1.0 0.03 0.96 0.01 
3 2 1 2 1 1 1 1.0 0.0 0.4 0.6 
3 3 1 2 1 1 1 1.0 0.0 0.86 0.14 
3 BestFit 1 2 1 1 1 1.0 0.01 0.99 0.0 
3 2 1 2 1 1 2 1.0 0.0 0.26 0.74 
3 3 1 2 1 1 2 1.0 0.0 0.91 0.09 
3 BestFit 1 2 1 1 2 1.0 0.01 0.99 0.0 
3 2 1 2 1 2 1 1.0 0.0 0.27 0.73 
3 3 1 2 1 2 1 1.0 0.0 0.87 0.13 
3 BestFit 1 2 1 2 1 1.0 0.06 0.94 0.0 
3 2 1 2 1 2 2 1.0 0.0 0.29 0.71 
3 3 1 2 1 2 2 1.0 0.01 0.9 0.09 
3 BestFit 1 2 1 2 2 1.0 0.0 1.0 0.0 
3 2 1 2 1 3 1 1.0 0.01 0.29 0.7 
3 3 1 2 1 3 1 1.0 0.0 0.91 0.09 
3 BestFit 1 2 1 3 1 1.0 0.02 0.97 0.01 
3 2 1 2 1 3 2 1.0 0.01 0.26 0.73 
3 3 1 2 1 3 2 1.0 0.0 0.86 0.14 
3 BestFit 1 2 1 3 2 1.0 0.02 0.98 0.0 
3 2 1 2 2 1 1 1.0 0.01 0.29 0.7 
3 3 1 2 2 1 1 1.0 0.01 0.96 0.03 
3 BestFit 1 2 2 1 1 1.0 0.04 0.96 0.0 
3 2 1 2 2 1 2 1.0 0.0 0.36 0.64 
3 3 1 2 2 1 2 1.0 0.0 0.83 0.17 
3 BestFit 1 2 2 1 2 1.0 0.01 0.99 0.0 
3 2 1 2 2 2 1 1.0 0.04 0.29 0.67 
3 3 1 2 2 2 1 1.0 0.0 0.87 0.13 
3 BestFit 1 2 2 2 1 1.0 0.05 0.95 0.0 
3 2 1 2 2 2 2 1.0 0.01 0.22 0.77 
3 3 1 2 2 2 2 1.0 0.0 0.87 0.13 
3 BestFit 1 2 2 2 2 1.0 0.08 0.92 0.0 
3 2 1 2 2 3 1 1.0 0.0 0.28 0.72 
3 3 1 2 2 3 1 1.0 0.0 0.89 0.11 
3 BestFit 1 2 2 3 1 1.0 0.02 0.98 0.0 
3 2 1 2 2 3 2 1.0 0.02 0.3 0.68 
3 3 1 2 2 3 2 1.0 0.0 0.93 0.07 
3 BestFit 1 2 2 3 2 1.0 0.04 0.96 0.0 
3 2 1 2 3 1 1 1.0 0.0 0.25 0.75 
3 3 1 2 3 1 1 1.0 0.0 0.89 0.11 
3 BestFit 1 2 3 1 1 1.0 0.07 0.92 0.01 
3 2 1 2 3 1 2 1.0 0.0 0.3 0.7 
3 3 1 2 3 1 2 1.0 0.0 0.83 0.17 
3 BestFit 1 2 3 1 2 1.0 0.03 0.96 0.01 
3 2 1 2 3 2 1 1.0 0.01 0.21 0.78 
3 3 1 2 3 2 1 1.0 0.0 0.91 0.09 
3 BestFit 1 2 3 2 1 1.0 0.02 0.97 0.01 
3 2 1 2 3 2 2 1.0 0.0 0.22 0.78 
3 3 1 2 3 2 2 1.0 0.0 0.87 0.13 
3 BestFit 1 2 3 2 2 1.0 0.01 0.99 0.0 
3 2 1 2 3 3 1 1.0 0.0 0.36 0.64 
3 3 1 2 3 3 1 1.0 0.0 0.87 0.13 
3 BestFit 1 2 3 3 1 1.0 0.02 0.98 0.0 
3 2 1 2 3 3 2 1.0 0.0 0.3 0.7 
3 3 1 2 3 3 2 1.0 0.0 0.91 0.09 
3 BestFit 1 2 3 3 2 1.0 0.01 0.99 0.0 
3 2 1 3 1 1 1 1.0 0.0 0.22 0.78 
3 3 1 3 1 1 1 1.0 0.0 0.92 0.08 
3 BestFit 1 3 1 1 1 1.0 0.04 0.95 0.01 
3 2 1 3 1 1 2 1.0 0.01 0.25 0.74 
3 3 1 3 1 1 2 1.0 0.0 0.88 0.12 
3 BestFit 1 3 1 1 2 1.0 0.01 0.99 0.0 
3 2 1 3 1 2 1 1.0 0.01 0.25 0.74 
3 3 1 3 1 2 1 1.0 0.01 0.88 0.11 
3 BestFit 1 3 1 2 1 1.0 0.04 0.95 0.01 
3 2 1 3 1 2 2 1.0 0.0 0.28 0.72 
3 3 1 3 1 2 2 1.0 0.0 0.94 0.06 
3 BestFit 1 3 1 2 2 1.0 0.02 0.97 0.01 
3 2 1 3 1 3 1 1.0 0.0 0.24 0.76 
3 3 1 3 1 3 1 1.0 0.0 0.91 0.09 
3 BestFit 1 3 1 3 1 1.0 0.02 0.98 0.0 
3 2 1 3 1 3 2 1.0 0.01 0.27 0.72 
3 3 1 3 1 3 2 1.0 0.0 0.93 0.07 
3 BestFit 1 3 1 3 2 1.0 0.01 0.99 0.0 
3 2 1 3 2 1 1 1.0 0.01 0.33 0.66 
3 3 1 3 2 1 1 1.0 0.0 0.87 0.13 
3 BestFit 1 3 2 1 1 1.0 0.04 0.95 0.01 
3 2 1 3 2 1 2 1.0 0.0 0.31 0.69 
3 3 1 3 2 1 2 1.0 0.0 0.9 0.1 
3 BestFit 1 3 2 1 2 1.0 0.03 0.97 0.0 
3 2 1 3 2 2 1 1.0 0.02 0.29 0.69 
3 3 1 3 2 2 1 1.0 0.01 0.84 0.15 
3 BestFit 1 3 2 2 1 1.0 0.05 0.95 0.0 
3 2 1 3 2 2 2 1.0 0.03 0.2 0.77 
3 3 1 3 2 2 2 1.0 0.0 0.9 0.1 
3 BestFit 1 3 2 2 2 1.0 0.05 0.95 0.0 
3 2 1 3 2 3 1 1.0 0.01 0.34 0.65 
3 3 1 3 2 3 1 1.0 0.0 0.93 0.07 
3 BestFit 1 3 2 3 1 1.0 0.03 0.97 0.0 
3 2 1 3 2 3 2 1.0 0.01 0.3 0.69 
3 3 1 3 2 3 2 1.0 0.0 0.85 0.15 
3 BestFit 1 3 2 3 2 1.0 0.04 0.96 0.0 
3 2 1 3 3 1 1 1.0 0.0 0.31 0.69 
3 3 1 3 3 1 1 1.0 0.0 0.89 0.11 
3 BestFit 1 3 3 1 1 1.0 0.02 0.98 0.0 
3 2 1 3 3 1 2 1.0 0.0 0.28 0.72 
3 3 1 3 3 1 2 1.0 0.0 0.89 0.11 
3 BestFit 1 3 3 1 2 1.0 0.01 0.98 0.01 
3 2 1 3 3 2 1 1.0 0.02 0.22 0.76 
3 3 1 3 3 2 1 1.0 0.0 0.92 0.08 
3 BestFit 1 3 3 2 1 1.0 0.07 0.93 0.0 
3 2 1 3 3 2 2 1.0 0.01 0.33 0.66 
3 3 1 3 3 2 2 1.0 0.0 0.91 0.09 
3 BestFit 1 3 3 2 2 1.0 0.02 0.97 0.01 
3 2 1 3 3 3 1 1.0 0.01 0.3 0.69 
3 3 1 3 3 3 1 1.0 0.0 0.9 0.1 
3 BestFit 1 3 3 3 1 1.0 0.02 0.98 0.0 
3 2 1 3 3 3 2 1.0 0.01 0.29 0.7 
3 3 1 3 3 3 2 1.0 0.0 0.93 0.07 
3 BestFit 1 3 3 3 2 1.0 0.01 0.99 0.0 
3 2 2 1 1 1 1 1.0 0.01 0.27 0.72 
3 3 2 1 1 1 1 1.0 0.0 0.86 0.14 
3 BestFit 2 1 1 1 1 1.0 0.03 0.97 0.0 
3 2 2 1 1 1 2 1.0 0.02 0.28 0.7 
3 3 2 1 1 1 2 1.0 0.0 0.85 0.15 
3 BestFit 2 1 1 1 2 1.0 0.02 0.98 0.0 
3 2 2 1 1 2 1 1.0 0.0 0.23 0.77 
3 3 2 1 1 2 1 1.0 0.0 0.83 0.17 
3 BestFit 2 1 1 2 1 1.0 0.0 0.99 0.01 
3 2 2 1 1 2 2 1.0 0.02 0.28 0.7 
3 3 2 1 1 2 2 1.0 0.0 0.85 0.15 
3 BestFit 2 1 1 2 2 1.0 0.02 0.98 0.0 
3 2 2 1 1 3 1 1.0 0.0 0.27 0.73 
3 3 2 1 1 3 1 1.0 0.0 0.87 0.13 
3 BestFit 2 1 1 3 1 1.0 0.03 0.96 0.01 
3 2 2 1 1 3 2 1.0 0.0 0.23 0.77 
3 3 2 1 1 3 2 1.0 0.0 0.95 0.05 
3 BestFit 2 1 1 3 2 1.0 0.03 0.97 0.0 
3 2 2 1 2 1 1 1.0 0.01 0.31 0.68 
3 3 2 1 2 1 1 1.0 0.01 0.9 0.09 
3 BestFit 2 1 2 1 1 1.0 0.05 0.95 0.0 
3 2 2 1 2 1 2 1.0 0.0 0.31 0.69 
3 3 2 1 2 1 2 1.0 0.01 0.93 0.06 
3 BestFit 2 1 2 1 2 1.0 0.02 0.97 0.01 
3 2 2 1 2 2 1 1.0 0.0 0.22 0.78 
3 3 2 1 2 2 1 1.0 0.0 0.87 0.13 
3 BestFit 2 1 2 2 1 1.0 0.0 1.0 0.0 
3 2 2 1 2 2 2 1.0 0.02 0.35 0.63 
3 3 2 1 2 2 2 1.0 0.0 0.92 0.08 
3 BestFit 2 1 2 2 2 1.0 0.02 0.98 0.0 
3 2 2 1 2 3 1 1.0 0.01 0.35 0.64 
3 3 2 1 2 3 1 1.0 0.0 0.95 0.05 
3 BestFit 2 1 2 3 1 1.0 0.03 0.97 0.0 
3 2 2 1 2 3 2 1.0 0.0 0.22 0.78 
3 3 2 1 2 3 2 1.0 0.0 0.9 0.1 
3 BestFit 2 1 2 3 2 1.0 0.02 0.98 0.0 
3 2 2 1 3 1 1 1.0 0.0 0.25 0.75 
3 3 2 1 3 1 1 1.0 0.0 0.89 0.11 
3 BestFit 2 1 3 1 1 1.0 0.04 0.96 0.0 
3 2 2 1 3 1 2 1.0 0.01 0.29 0.7 
3 3 2 1 3 1 2 1.0 0.01 0.84 0.15 
3 BestFit 2 1 3 1 2 1.0 0.02 0.98 0.0 
3 2 2 1 3 2 1 1.0 0.0 0.28 0.72 
3 3 2 1 3 2 1 1.0 0.0 0.91 0.09 
3 BestFit 2 1 3 2 1 1.0 0.01 0.98 0.01 
3 2 2 1 3 2 2 1.0 0.0 0.36 0.64 
3 3 2 1 3 2 2 1.0 0.0 0.95 0.05 
3 BestFit 2 1 3 2 2 1.0 0.05 0.95 0.0 
3 2 2 1 3 3 1 1.0 0.0 0.32 0.68 
3 3 2 1 3 3 1 1.0 0.0 0.91 0.09 
3 BestFit 2 1 3 3 1 1.0 0.01 0.98 0.01 
3 2 2 1 3 3 2 1.0 0.01 0.24 0.75 
3 3 2 1 3 3 2 1.0 0.0 0.89 0.11 
3 BestFit 2 1 3 3 2 1.0 0.05 0.95 0.0 
3 2 2 2 1 1 1 1.0 0.02 0.3 0.68 
3 3 2 2 1 1 1 1.0 0.0 0.91 0.09 
3 BestFit 2 2 1 1 1 1.0 0.02 0.97 0.01 
3 2 2 2 1 1 2 1.0 0.0 0.17 0.83 
3 3 2 2 1 1 2 1.0 0.0 0.86 0.14 
3 BestFit 2 2 1 1 2 1.0 0.02 0.98 0.0 
3 2 2 2 1 2 1 1.0 0.01 0.27 0.72 
3 3 2 2 1 2 1 1.0 0.0 0.86 0.14 
3 BestFit 2 2 1 2 1 1.0 0.02 0.98 0.0 
3 2 2 2 1 2 2 1.0 0.01 0.29 0.7 
3 3 2 2 1 2 2 1.0 0.0 0.93 0.07 
3 BestFit 2 2 1 2 2 1.0 0.04 0.96 0.0 
3 2 2 2 1 3 1 1.0 0.02 0.29 0.69 
3 3 2 2 1 3 1 1.0 0.0 0.9 0.1 
3 BestFit 2 2 1 3 1 1.0 0.03 0.96 0.01 
3 2 2 2 1 3 2 1.0 0.0 0.24 0.76 
3 3 2 2 1 3 2 1.0 0.0 0.88 0.12 
3 BestFit 2 2 1 3 2 1.0 0.03 0.97 0.0 
3 2 2 2 2 1 1 1.0 0.0 0.31 0.69 
3 3 2 2 2 1 1 1.0 0.0 0.88 0.12 
3 BestFit 2 2 2 1 1 1.0 0.02 0.98 0.0 
3 2 2 2 2 1 2 1.0 0.0 0.31 0.69 
3 3 2 2 2 1 2 1.0 0.0 0.85 0.15 
3 BestFit 2 2 2 1 2 1.0 0.01 0.99 0.0 
3 2 2 2 2 2 1 1.0 0.0 0.27 0.73 
3 3 2 2 2 2 1 1.0 0.0 0.84 0.16 
3 BestFit 2 2 2 2 1 1.0 0.04 0.96 0.0 
3 2 2 2 2 2 2 1.0 0.0 0.2 0.8 
3 3 2 2 2 2 2 1.0 0.0 0.86 0.14 
3 BestFit 2 2 2 2 2 1.0 0.03 0.96 0.01 
3 2 2 2 2 3 1 1.0 0.01 0.26 0.73 
3 3 2 2 2 3 1 1.0 0.0 0.87 0.13 
3 BestFit 2 2 2 3 1 1.0 0.02 0.98 0.0 
3 2 2 2 2 3 2 1.0 0.0 0.27 0.73 
3 3 2 2 2 3 2 1.0 0.0 0.87 0.13 
3 BestFit 2 2 2 3 2 1.0 0.03 0.97 0.0 
3 2 2 2 3 1 1 1.0 0.0 0.23 0.77 
3 3 2 2 3 1 1 1.0 0.0 0.86 0.14 
3 BestFit 2 2 3 1 1 1.0 0.03 0.96 0.01 
3 2 2 2 3 1 2 1.0 0.01 0.29 0.7 
3 3 2 2 3 1 2 1.0 0.0 0.87 0.13 
3 BestFit 2 2 3 1 2 1.0 0.04 0.96 0.0 
3 2 2 2 3 2 1 1.0 0.0 0.19 0.81 
3 3 2 2 3 2 1 1.0 0.0 0.91 0.09 
3 BestFit 2 2 3 2 1 1.0 0.03 0.96 0.01 
3 2 2 2 3 2 2 1.0 0.0 0.21 0.79 
3 3 2 2 3 2 2 1.0 0.0 0.92 0.08 
3 BestFit 2 2 3 2 2 1.0 0.03 0.97 0.0 
3 2 2 2 3 3 1 1.0 0.0 0.34 0.66 
3 3 2 2 3 3 1 1.0 0.0 0.85 0.15 
3 BestFit 2 2 3 3 1 1.0 0.05 0.95 0.0 
3 2 2 2 3 3 2 1.0 0.0 0.3 0.7 
3 3 2 2 3 3 2 1.0 0.0 0.92 0.08 
3 BestFit 2 2 3 3 2 1.0 0.05 0.92 0.03 
3 2 2 3 1 1 1 1.0 0.0 0.25 0.75 
3 3 2 3 1 1 1 1.0 0.0 0.92 0.08 
3 BestFit 2 3 1 1 1 1.0 0.01 0.99 0.0 
3 2 2 3 1 1 2 1.0 0.0 0.28 0.72 
3 3 2 3 1 1 2 1.0 0.0 0.88 0.12 
3 BestFit 2 3 1 1 2 1.0 0.03 0.97 0.0 
3 2 2 3 1 2 1 1.0 0.01 0.29 0.7 
3 3 2 3 1 2 1 1.0 0.01 0.88 0.11 
3 BestFit 2 3 1 2 1 1.0 0.03 0.97 0.0 
3 2 2 3 1 2 2 1.0 0.01 0.29 0.7 
3 3 2 3 1 2 2 1.0 0.0 0.97 0.03 
3 BestFit 2 3 1 2 2 1.0 0.02 0.98 0.0 
3 2 2 3 1 3 1 1.0 0.0 0.26 0.74 
3 3 2 3 1 3 1 1.0 0.0 0.88 0.12 
3 BestFit 2 3 1 3 1 1.0 0.0 0.98 0.02 
3 2 2 3 1 3 2 1.0 0.0 0.27 0.73 
3 3 2 3 1 3 2 1.0 0.0 0.91 0.09 
3 BestFit 2 3 1 3 2 1.0 0.02 0.98 0.0 
3 2 2 3 2 1 1 1.0 0.0 0.27 0.73 
3 3 2 3 2 1 1 1.0 0.0 0.91 0.09 
3 BestFit 2 3 2 1 1 1.0 0.02 0.98 0.0 
3 2 2 3 2 1 2 1.0 0.02 0.32 0.66 
3 3 2 3 2 1 2 1.0 0.0 0.95 0.05 
3 BestFit 2 3 2 1 2 1.0 0.01 0.99 0.0 
3 2 2 3 2 2 1 1.0 0.0 0.34 0.66 
3 3 2 3 2 2 1 1.0 0.0 0.88 0.12 
3 BestFit 2 3 2 2 1 1.0 0.03 0.97 0.0 
3 2 2 3 2 2 2 1.0 0.01 0.24 0.75 
3 3 2 3 2 2 2 1.0 0.0 0.86 0.14 
3 BestFit 2 3 2 2 2 1.0 0.02 0.98 0.0 
3 2 2 3 2 3 1 1.0 0.0 0.29 0.71 
3 3 2 3 2 3 1 1.0 0.0 0.91 0.09 
3 BestFit 2 3 2 3 1 1.0 0.03 0.96 0.01 
3 2 2 3 2 3 2 1.0 0.01 0.27 0.72 
3 3 2 3 2 3 2 1.0 0.0 0.87 0.13 
3 BestFit 2 3 2 3 2 1.0 0.06 0.94 0.0 
3 2 2 3 3 1 1 1.0 0.01 0.33 0.66 
3 3 2 3 3 1 1 1.0 0.0 0.87 0.13 
3 BestFit 2 3 3 1 1 1.0 0.02 0.98 0.0 
3 2 2 3 3 1 2 1.0 0.0 0.27 0.73 
3 3 2 3 3 1 2 1.0 0.0 0.89 0.11 
3 BestFit 2 3 3 1 2 1.0 0.03 0.96 0.01 
3 2 2 3 3 2 1 1.0 0.0 0.28 0.72 
3 3 2 3 3 2 1 1.0 0.0 0.9 0.1 
3 BestFit 2 3 3 2 1 1.0 0.02 0.98 0.0 
3 2 2 3 3 2 2 1.0 0.0 0.31 0.69 
3 3 2 3 3 2 2 1.0 0.0 0.9 0.1 
3 BestFit 2 3 3 2 2 1.0 0.02 0.98 0.0 
3 2 2 3 3 3 1 1.0 0.01 0.27 0.72 
3 3 2 3 3 3 1 1.0 0.0 0.87 0.13 
3 BestFit 2 3 3 3 1 1.0 0.06 0.93 0.01 
3 2 2 3 3 3 2 1.0 0.01 0.29 0.7 
3 3 2 3 3 3 2 1.0 0.0 0.88 0.12 
3 BestFit 2 3 3 3 2 1.0 0.02 0.98 0.0 
3 2 1 1 1 1 1 2.0 0.0 0.29 0.71 
3 3 1 1 1 1 1 2.0 0.0 0.84 0.16 
3 BestFit 1 1 1 1 1 2.0 0.02 0.98 0.0 
3 2 1 1 1 1 2 2.0 0.0 0.26 0.74 
3 3 1 1 1 1 2 2.0 0.0 0.91 0.09 
3 BestFit 1 1 1 1 2 2.0 0.04 0.96 0.0 
3 2 1 1 1 2 1 2.0 0.01 0.24 0.75 
3 3 1 1 1 2 1 2.0 0.0 0.92 0.08 
3 BestFit 1 1 1 2 1 2.0 0.07 0.93 0.0 
3 2 1 1 1 2 2 2.0 0.0 0.39 0.61 
3 3 1 1 1 2 2 2.0 0.0 0.86 0.14 
3 BestFit 1 1 1 2 2 2.0 0.04 0.96 0.0 
3 2 1 1 1 3 1 2.0 0.0 0.31 0.69 
3 3 1 1 1 3 1 2.0 0.0 0.91 0.09 
3 BestFit 1 1 1 3 1 2.0 0.03 0.97 0.0 
3 2 1 1 1 3 2 2.0 0.02 0.2 0.78 
3 3 1 1 1 3 2 2.0 0.0 0.92 0.08 
3 BestFit 1 1 1 3 2 2.0 0.02 0.98 0.0 
3 2 1 1 2 1 1 2.0 0.0 0.21 0.79 
3 3 1 1 2 1 1 2.0 0.0 0.89 0.11 
3 BestFit 1 1 2 1 1 2.0 0.01 0.99 0.0 
3 2 1 1 2 1 2 2.0 0.0 0.34 0.66 
3 3 1 1 2 1 2 2.0 0.0 0.94 0.06 
3 BestFit 1 1 2 1 2 2.0 0.04 0.96 0.0 
3 2 1 1 2 2 1 2.0 0.0 0.3 0.7 
3 3 1 1 2 2 1 2.0 0.0 0.88 0.12 
3 BestFit 1 1 2 2 1 2.0 0.01 0.99 0.0 
3 2 1 1 2 2 2 2.0 0.03 0.26 0.71 
3 3 1 1 2 2 2 2.0 0.0 0.89 0.11 
3 BestFit 1 1 2 2 2 2.0 0.04 0.95 0.01 
3 2 1 1 2 3 1 2.0 0.01 0.25 0.74 
3 3 1 1 2 3 1 2.0 0.0 0.88 0.12 
3 BestFit 1 1 2 3 1 2.0 0.05 0.94 0.01 
3 2 1 1 2 3 2 2.0 0.0 0.28 0.72 
3 3 1 1 2 3 2 2.0 0.01 0.88 0.11 
3 BestFit 1 1 2 3 2 2.0 0.0 1.0 0.0 
3 2 1 1 3 1 1 2.0 0.02 0.3 0.68 
3 3 1 1 3 1 1 2.0 0.0 0.92 0.08 
3 BestFit 1 1 3 1 1 2.0 0.02 0.98 0.0 
3 2 1 1 3 1 2 2.0 0.02 0.31 0.67 
3 3 1 1 3 1 2 2.0 0.01 0.93 0.06 
3 BestFit 1 1 3 1 2 2.0 0.03 0.97 0.0 
3 2 1 1 3 2 1 2.0 0.0 0.35 0.65 
3 3 1 1 3 2 1 2.0 0.0 0.91 0.09 
3 BestFit 1 1 3 2 1 2.0 0.0 1.0 0.0 
3 2 1 1 3 2 2 2.0 0.0 0.32 0.68 
3 3 1 1 3 2 2 2.0 0.0 0.89 0.11 
3 BestFit 1 1 3 2 2 2.0 0.04 0.96 0.0 
3 2 1 1 3 3 1 2.0 0.0 0.33 0.67 
3 3 1 1 3 3 1 2.0 0.0 0.91 0.09 
3 BestFit 1 1 3 3 1 2.0 0.05 0.95 0.0 
3 2 1 1 3 3 2 2.0 0.0 0.29 0.71 
3 3 1 1 3 3 2 2.0 0.0 0.92 0.08 
3 BestFit 1 1 3 3 2 2.0 0.01 0.99 0.0 
3 2 1 2 1 1 1 2.0 0.01 0.24 0.75 
3 3 1 2 1 1 1 2.0 0.0 0.89 0.11 
3 BestFit 1 2 1 1 1 2.0 0.05 0.95 0.0 
3 2 1 2 1 1 2 2.0 0.0 0.26 0.74 
3 3 1 2 1 1 2 2.0 0.0 0.88 0.12 
3 BestFit 1 2 1 1 2 2.0 0.05 0.95 0.0 
3 2 1 2 1 2 1 2.0 0.0 0.35 0.65 
3 3 1 2 1 2 1 2.0 0.01 0.88 0.11 
3 BestFit 1 2 1 2 1 2.0 0.0 1.0 0.0 
3 2 1 2 1 2 2 2.0 0.0 0.28 0.72 
3 3 1 2 1 2 2 2.0 0.01 0.86 0.13 
3 BestFit 1 2 1 2 2 2.0 0.02 0.98 0.0 
3 2 1 2 1 3 1 2.0 0.01 0.27 0.72 
3 3 1 2 1 3 1 2.0 0.0 0.91 0.09 
3 BestFit 1 2 1 3 1 2.0 0.03 0.97 0.0 
3 2 1 2 1 3 2 2.0 0.0 0.3 0.7 
3 3 1 2 1 3 2 2.0 0.0 0.91 0.09 
3 BestFit 1 2 1 3 2 2.0 0.02 0.98 0.0 
3 2 1 2 2 1 1 2.0 0.0 0.27 0.73 
3 3 1 2 2 1 1 2.0 0.0 0.86 0.14 
3 BestFit 1 2 2 1 1 2.0 0.03 0.97 0.0 
3 2 1 2 2 1 2 2.0 0.01 0.25 0.74 
3 3 1 2 2 1 2 2.0 0.0 0.94 0.06 
3 BestFit 1 2 2 1 2 2.0 0.0 1.0 0.0 
3 2 1 2 2 2 1 2.0 0.02 0.29 0.69 
3 3 1 2 2 2 1 2.0 0.0 0.94 0.06 
3 BestFit 1 2 2 2 1 2.0 0.05 0.95 0.0 
3 2 1 2 2 2 2 2.0 0.01 0.3 0.69 
3 3 1 2 2 2 2 2.0 0.0 0.81 0.19 
3 BestFit 1 2 2 2 2 2.0 0.01 0.99 0.0 
3 2 1 2 2 3 1 2.0 0.0 0.36 0.64 
3 3 1 2 2 3 1 2.0 0.0 0.92 0.08 
3 BestFit 1 2 2 3 1 2.0 0.02 0.96 0.02 
3 2 1 2 2 3 2 2.0 0.01 0.3 0.69 
3 3 1 2 2 3 2 2.0 0.0 0.94 0.06 
3 BestFit 1 2 2 3 2 2.0 0.01 0.99 0.0 
3 2 1 2 3 1 1 2.0 0.03 0.21 0.76 
3 3 1 2 3 1 1 2.0 0.0 0.89 0.11 
3 BestFit 1 2 3 1 1 2.0 0.05 0.94 0.01 
3 2 1 2 3 1 2 2.0 0.0 0.35 0.65 
3 3 1 2 3 1 2 2.0 0.0 0.92 0.08 
3 BestFit 1 2 3 1 2 2.0 0.02 0.98 0.0 
3 2 1 2 3 2 1 2.0 0.01 0.25 0.74 
3 3 1 2 3 2 1 2.0 0.0 0.85 0.15 
3 BestFit 1 2 3 2 1 2.0 0.04 0.94 0.02 
3 2 1 2 3 2 2 2.0 0.0 0.36 0.64 
3 3 1 2 3 2 2 2.0 0.0 0.93 0.07 
3 BestFit 1 2 3 2 2 2.0 0.02 0.96 0.02 
3 2 1 2 3 3 1 2.0 0.01 0.26 0.73 
3 3 1 2 3 3 1 2.0 0.0 0.89 0.11 
3 BestFit 1 2 3 3 1 2.0 0.02 0.98 0.0 
3 2 1 2 3 3 2 2.0 0.01 0.35 0.64 
3 3 1 2 3 3 2 2.0 0.0 0.86 0.14 
3 BestFit 1 2 3 3 2 2.0 0.02 0.98 0.0 
3 2 1 3 1 1 1 2.0 0.0 0.31 0.69 
3 3 1 3 1 1 1 2.0 0.0 0.87 0.13 
3 BestFit 1 3 1 1 1 2.0 0.02 0.98 0.0 
3 2 1 3 1 1 2 2.0 0.0 0.21 0.79 
3 3 1 3 1 1 2 2.0 0.0 0.89 0.11 
3 BestFit 1 3 1 1 2 2.0 0.0 1.0 0.0 
3 2 1 3 1 2 1 2.0 0.0 0.29 0.71 
3 3 1 3 1 2 1 2.0 0.0 0.94 0.06 
3 BestFit 1 3 1 2 1 2.0 0.02 0.98 0.0 
3 2 1 3 1 2 2 2.0 0.01 0.3 0.69 
3 3 1 3 1 2 2 2.0 0.0 0.92 0.08 
3 BestFit 1 3 1 2 2 2.0 0.01 0.99 0.0 
3 2 1 3 1 3 1 2.0 0.01 0.26 0.73 
3 3 1 3 1 3 1 2.0 0.0 0.83 0.17 
3 BestFit 1 3 1 3 1 2.0 0.05 0.95 0.0 
3 2 1 3 1 3 2 2.0 0.01 0.28 0.71 
3 3 1 3 1 3 2 2.0 0.0 0.88 0.12 
3 BestFit 1 3 1 3 2 2.0 0.03 0.97 0.0 
3 2 1 3 2 1 1 2.0 0.0 0.28 0.72 
3 3 1 3 2 1 1 2.0 0.0 0.92 0.08 
3 BestFit 1 3 2 1 1 2.0 0.02 0.98 0.0 
3 2 1 3 2 1 2 2.0 0.01 0.33 0.66 
3 3 1 3 2 1 2 2.0 0.01 0.9 0.09 
3 BestFit 1 3 2 1 2 2.0 0.02 0.98 0.0 
3 2 1 3 2 2 1 2.0 0.01 0.27 0.72 
3 3 1 3 2 2 1 2.0 0.0 0.9 0.1 
3 BestFit 1 3 2 2 1 2.0 0.05 0.95 0.0 
3 2 1 3 2 2 2 2.0 0.01 0.23 0.76 
3 3 1 3 2 2 2 2.0 0.0 0.88 0.12 
3 BestFit 1 3 2 2 2 2.0 0.04 0.95 0.01 
3 2 1 3 2 3 1 2.0 0.02 0.24 0.74 
3 3 1 3 2 3 1 2.0 0.0 0.85 0.15 
3 BestFit 1 3 2 3 1 2.0 0.03 0.97 0.0 
3 2 1 3 2 3 2 2.0 0.0 0.3 0.7 
3 3 1 3 2 3 2 2.0 0.0 0.85 0.15 
3 BestFit 1 3 2 3 2 2.0 0.02 0.98 0.0 
3 2 1 3 3 1 1 2.0 0.0 0.29 0.71 
3 3 1 3 3 1 1 2.0 0.0 0.89 0.11 
3 BestFit 1 3 3 1 1 2.0 0.01 0.98 0.01 
3 2 1 3 3 1 2 2.0 0.01 0.27 0.72 
3 3 1 3 3 1 2 2.0 0.0 0.91 0.09 
3 BestFit 1 3 3 1 2 2.0 0.01 0.98 0.01 
3 2 1 3 3 2 1 2.0 0.0 0.3 0.7 
3 3 1 3 3 2 1 2.0 0.0 0.92 0.08 
3 BestFit 1 3 3 2 1 2.0 0.02 0.98 0.0 
3 2 1 3 3 2 2 2.0 0.0 0.31 0.69 
3 3 1 3 3 2 2 2.0 0.0 0.85 0.15 
3 BestFit 1 3 3 2 2 2.0 0.03 0.97 0.0 
3 2 1 3 3 3 1 2.0 0.0 0.28 0.72 
3 3 1 3 3 3 1 2.0 0.0 0.9 0.1 
3 BestFit 1 3 3 3 1 2.0 0.02 0.97 0.01 
3 2 1 3 3 3 2 2.0 0.0 0.28 0.72 
3 3 1 3 3 3 2 2.0 0.0 0.96 0.04 
3 BestFit 1 3 3 3 2 2.0 0.01 0.99 0.0 
3 2 2 1 1 1 1 2.0 0.01 0.31 0.68 
3 3 2 1 1 1 1 2.0 0.01 0.92 0.07 
3 BestFit 2 1 1 1 1 2.0 0.05 0.92 0.03 
3 2 2 1 1 1 2 2.0 0.02 0.22 0.76 
3 3 2 1 1 1 2 2.0 0.0 0.91 0.09 
3 BestFit 2 1 1 1 2 2.0 0.02 0.98 0.0 
3 2 2 1 1 2 1 2.0 0.02 0.26 0.72 
3 3 2 1 1 2 1 2.0 0.0 0.93 0.07 
3 BestFit 2 1 1 2 1 2.0 0.01 0.99 0.0 
3 2 2 1 1 2 2 2.0 0.02 0.3 0.68 
3 3 2 1 1 2 2 2.0 0.0 0.88 0.12 
3 BestFit 2 1 1 2 2 2.0 0.02 0.98 0.0 
3 2 2 1 1 3 1 2.0 0.01 0.23 0.76 
3 3 2 1 1 3 1 2.0 0.0 0.9 0.1 
3 BestFit 2 1 1 3 1 2.0 0.04 0.96 0.0 
3 2 2 1 1 3 2 2.0 0.03 0.26 0.71 
3 3 2 1 1 3 2 2.0 0.0 0.91 0.09 
3 BestFit 2 1 1 3 2 2.0 0.04 0.96 0.0 
3 2 2 1 2 1 1 2.0 0.01 0.27 0.72 
3 3 2 1 2 1 1 2.0 0.0 0.91 0.09 
3 BestFit 2 1 2 1 1 2.0 0.01 0.99 0.0 
3 2 2 1 2 1 2 2.0 0.0 0.35 0.65 
3 3 2 1 2 1 2 2.0 0.0 0.91 0.09 
3 BestFit 2 1 2 1 2 2.0 0.02 0.98 0.0 
3 2 2 1 2 2 1 2.0 0.0 0.27 0.73 
3 3 2 1 2 2 1 2.0 0.0 0.86 0.14 
3 BestFit 2 1 2 2 1 2.0 0.01 0.99 0.0 
3 2 2 1 2 2 2 2.0 0.01 0.23 0.76 
3 3 2 1 2 2 2 2.0 0.0 0.87 0.13 
3 BestFit 2 1 2 2 2 2.0 0.05 0.95 0.0 
3 2 2 1 2 3 1 2.0 0.01 0.29 0.7 
3 3 2 1 2 3 1 2.0 0.0 0.91 0.09 
3 BestFit 2 1 2 3 1 2.0 0.0 1.0 0.0 
3 2 2 1 2 3 2 2.0 0.01 0.29 0.7 
3 3 2 1 2 3 2 2.0 0.0 0.88 0.12 
3 BestFit 2 1 2 3 2 2.0 0.03 0.97 0.0 
3 2 2 1 3 1 1 2.0 0.02 0.26 0.72 
3 3 2 1 3 1 1 2.0 0.0 0.9 0.1 
3 BestFit 2 1 3 1 1 2.0 0.05 0.95 0.0 
3 2 2 1 3 1 2 2.0 0.0 0.27 0.73 
3 3 2 1 3 1 2 2.0 0.0 0.93 0.07 
3 BestFit 2 1 3 1 2 2.0 0.02 0.98 0.0 
3 2 2 1 3 2 1 2.0 0.0 0.29 0.71 
3 3 2 1 3 2 1 2.0 0.0 0.84 0.16 
3 BestFit 2 1 3 2 1 2.0 0.02 0.98 0.0 
3 2 2 1 3 2 2 2.0 0.0 0.24 0.76 
3 3 2 1 3 2 2 2.0 0.0 0.92 0.08 
3 BestFit 2 1 3 2 2 2.0 0.02 0.98 0.0 
3 2 2 1 3 3 1 2.0 0.01 0.21 0.78 
3 3 2 1 3 3 1 2.0 0.0 0.95 0.05 
3 BestFit 2 1 3 3 1 2.0 0.02 0.98 0.0 
3 2 2 1 3 3 2 2.0 0.01 0.25 0.74 
3 3 2 1 3 3 2 2.0 0.0 0.92 0.08 
3 BestFit 2 1 3 3 2 2.0 0.03 0.96 0.01 
3 2 2 2 1 1 1 2.0 0.01 0.27 0.72 
3 3 2 2 1 1 1 2.0 0.0 0.9 0.1 
3 BestFit 2 2 1 1 1 2.0 0.02 0.98 0.0 
3 2 2 2 1 1 2 2.0 0.01 0.25 0.74 
3 3 2 2 1 1 2 2.0 0.0 0.94 0.06 
3 BestFit 2 2 1 1 2 2.0 0.03 0.97 0.0 
3 2 2 2 1 2 1 2.0 0.01 0.2 0.79 
3 3 2 2 1 2 1 2.0 0.0 0.86 0.14 
3 BestFit 2 2 1 2 1 2.0 0.05 0.95 0.0 
3 2 2 2 1 2 2 2.0 0.01 0.22 0.77 
3 3 2 2 1 2 2 2.0 0.0 0.92 0.08 
3 BestFit 2 2 1 2 2 2.0 0.03 0.97 0.0 
3 2 2 2 1 3 1 2.0 0.0 0.32 0.68 
3 3 2 2 1 3 1 2.0 0.0 0.84 0.16 
3 BestFit 2 2 1 3 1 2.0 0.02 0.98 0.0 
3 2 2 2 1 3 2 2.0 0.0 0.23 0.77 
3 3 2 2 1 3 2 2.0 0.01 0.92 0.07 
3 BestFit 2 2 1 3 2 2.0 0.01 0.99 0.0 
3 2 2 2 2 1 1 2.0 0.01 0.2 0.79 
3 3 2 2 2 1 1 2.0 0.0 0.89 0.11 
3 BestFit 2 2 2 1 1 2.0 0.02 0.98 0.0 
3 2 2 2 2 1 2 2.0 0.01 0.22 0.77 
3 3 2 2 2 1 2 2.0 0.0 0.93 0.07 
3 BestFit 2 2 2 1 2 2.0 0.02 0.98 0.0 
3 2 2 2 2 2 1 2.0 0.01 0.25 0.74 
3 3 2 2 2 2 1 2.0 0.0 0.93 0.07 
3 BestFit 2 2 2 2 1 2.0 0.04 0.96 0.0 
3 2 2 2 2 2 2 2.0 0.01 0.31 0.68 
3 3 2 2 2 2 2 2.0 0.0 0.94 0.06 
3 BestFit 2 2 2 2 2 2.0 0.03 0.97 0.0 
3 2 2 2 2 3 1 2.0 0.0 0.39 0.61 
3 3 2 2 2 3 1 2.0 0.0 0.94 0.06 
3 BestFit 2 2 2 3 1 2.0 0.03 0.97 0.0 
3 2 2 2 2 3 2 2.0 0.01 0.2 0.79 
3 3 2 2 2 3 2 2.0 0.0 0.9 0.1 
3 BestFit 2 2 2 3 2 2.0 0.02 0.98 0.0 
3 2 2 2 3 1 1 2.0 0.01 0.23 0.76 
3 3 2 2 3 1 1 2.0 0.0 0.88 0.12 
3 BestFit 2 2 3 1 1 2.0 0.05 0.95 0.0 
3 2 2 2 3 1 2 2.0 0.0 0.3 0.7 
3 3 2 2 3 1 2 2.0 0.0 0.85 0.15 
3 BestFit 2 2 3 1 2 2.0 0.02 0.98 0.0 
3 2 2 2 3 2 1 2.0 0.0 0.31 0.69 
3 3 2 2 3 2 1 2.0 0.0 0.93 0.07 
3 BestFit 2 2 3 2 1 2.0 0.05 0.95 0.0 
3 2 2 2 3 2 2 2.0 0.0 0.26 0.74 
3 3 2 2 3 2 2 2.0 0.0 0.88 0.12 
3 BestFit 2 2 3 2 2 2.0 0.03 0.97 0.0 
3 2 2 2 3 3 1 2.0 0.0 0.3 0.7 
3 3 2 2 3 3 1 2.0 0.0 0.93 0.07 
3 BestFit 2 2 3 3 1 2.0 0.03 0.97 0.0 
3 2 2 2 3 3 2 2.0 0.0 0.28 0.72 
3 3 2 2 3 3 2 2.0 0.0 0.92 0.08 
3 BestFit 2 2 3 3 2 2.0 0.02 0.97 0.01 
3 2 2 3 1 1 1 2.0 0.0 0.22 0.78 
3 3 2 3 1 1 1 2.0 0.01 0.84 0.15 
3 BestFit 2 3 1 1 1 2.0 0.02 0.98 0.0 
3 2 2 3 1 1 2 2.0 0.0 0.34 0.66 
3 3 2 3 1 1 2 2.0 0.0 0.93 0.07 
3 BestFit 2 3 1 1 2 2.0 0.02 0.97 0.01 
3 2 2 3 1 2 1 2.0 0.01 0.26 0.73 
3 3 2 3 1 2 1 2.0 0.0 0.93 0.07 
3 BestFit 2 3 1 2 1 2.0 0.05 0.95 0.0 
3 2 2 3 1 2 2 2.0 0.0 0.21 0.79 
3 3 2 3 1 2 2 2.0 0.0 0.88 0.12 
3 BestFit 2 3 1 2 2 2.0 0.04 0.96 0.0 
3 2 2 3 1 3 1 2.0 0.01 0.26 0.73 
3 3 2 3 1 3 1 2.0 0.0 0.86 0.14 
3 BestFit 2 3 1 3 1 2.0 0.02 0.98 0.0 
3 2 2 3 1 3 2 2.0 0.02 0.32 0.66 
3 3 2 3 1 3 2 2.0 0.0 0.87 0.13 
3 BestFit 2 3 1 3 2 2.0 0.03 0.97 0.0 
3 2 2 3 2 1 1 2.0 0.0 0.33 0.67 
3 3 2 3 2 1 1 2.0 0.0 0.92 0.08 
3 BestFit 2 3 2 1 1 2.0 0.06 0.94 0.0 
3 2 2 3 2 1 2 2.0 0.01 0.31 0.68 
3 3 2 3 2 1 2 2.0 0.0 0.91 0.09 
3 BestFit 2 3 2 1 2 2.0 0.03 0.97 0.0 
3 2 2 3 2 2 1 2.0 0.0 0.22 0.78 
3 3 2 3 2 2 1 2.0 0.0 0.92 0.08 
3 BestFit 2 3 2 2 1 2.0 0.04 0.96 0.0 
3 2 2 3 2 2 2 2.0 0.02 0.21 0.77 
3 3 2 3 2 2 2 2.0 0.0 0.89 0.11 
3 BestFit 2 3 2 2 2 2.0 0.02 0.98 0.0 
3 2 2 3 2 3 1 2.0 0.01 0.26 0.73 
3 3 2 3 2 3 1 2.0 0.0 0.89 0.11 
3 BestFit 2 3 2 3 1 2.0 0.05 0.94 0.01 
3 2 2 3 2 3 2 2.0 0.0 0.25 0.75 
3 3 2 3 2 3 2 2.0 0.0 0.91 0.09 
3 BestFit 2 3 2 3 2 2.0 0.03 0.96 0.01 
3 2 2 3 3 1 1 2.0 0.01 0.27 0.72 
3 3 2 3 3 1 1 2.0 0.0 0.96 0.04 
3 BestFit 2 3 3 1 1 2.0 0.02 0.98 0.0 
3 2 2 3 3 1 2 2.0 0.01 0.22 0.77 
3 3 2 3 3 1 2 2.0 0.0 0.85 0.15 
3 BestFit 2 3 3 1 2 2.0 0.03 0.96 0.01 
3 2 2 3 3 2 1 2.0 0.0 0.33 0.67 
3 3 2 3 3 2 1 2.0 0.0 0.93 0.07 
3 BestFit 2 3 3 2 1 2.0 0.01 0.98 0.01 
3 2 2 3 3 2 2 2.0 0.03 0.26 0.71 
3 3 2 3 3 2 2 2.0 0.0 0.92 0.08 
3 BestFit 2 3 3 2 2 2.0 0.01 0.99 0.0 
3 2 2 3 3 3 1 2.0 0.0 0.24 0.76 
3 3 2 3 3 3 1 2.0 0.0 0.96 0.04 
3 BestFit 2 3 3 3 1 2.0 0.03 0.97 0.0 
3 2 2 3 3 3 2 2.0 0.01 0.24 0.75 
3 3 2 3 3 3 2 2.0 0.0 0.91 0.09 
3 BestFit 2 3 3 3 2 2.0 0.03 0.97 0.0 
3 2 1 1 1 1 1 3.0 0.0 0.27 0.73 
3 3 1 1 1 1 1 3.0 0.0 0.86 0.14 
3 BestFit 1 1 1 1 1 3.0 0.04 0.96 0.0 
3 2 1 1 1 1 2 3.0 0.0 0.22 0.78 
3 3 1 1 1 1 2 3.0 0.0 0.9 0.1 
3 BestFit 1 1 1 1 2 3.0 0.02 0.97 0.01 
3 2 1 1 1 2 1 3.0 0.01 0.26 0.73 
3 3 1 1 1 2 1 3.0 0.0 0.94 0.06 
3 BestFit 1 1 1 2 1 3.0 0.04 0.96 0.0 
3 2 1 1 1 2 2 3.0 0.02 0.32 0.66 
3 3 1 1 1 2 2 3.0 0.0 0.94 0.06 
3 BestFit 1 1 1 2 2 3.0 0.01 0.99 0.0 
3 2 1 1 1 3 1 3.0 0.01 0.27 0.72 
3 3 1 1 1 3 1 3.0 0.0 0.92 0.08 
3 BestFit 1 1 1 3 1 3.0 0.02 0.96 0.02 
3 2 1 1 1 3 2 3.0 0.01 0.31 0.68 
3 3 1 1 1 3 2 3.0 0.0 0.84 0.16 
3 BestFit 1 1 1 3 2 3.0 0.06 0.94 0.0 
3 2 1 1 2 1 1 3.0 0.01 0.24 0.75 
3 3 1 1 2 1 1 3.0 0.0 0.84 0.16 
3 BestFit 1 1 2 1 1 3.0 0.01 0.98 0.01 
3 2 1 1 2 1 2 3.0 0.0 0.31 0.69 
3 3 1 1 2 1 2 3.0 0.0 0.9 0.1 
3 BestFit 1 1 2 1 2 3.0 0.03 0.97 0.0 
3 2 1 1 2 2 1 3.0 0.0 0.28 0.72 
3 3 1 1 2 2 1 3.0 0.0 0.91 0.09 
3 BestFit 1 1 2 2 1 3.0 0.05 0.95 0.0 
3 2 1 1 2 2 2 3.0 0.01 0.21 0.78 
3 3 1 1 2 2 2 3.0 0.0 0.93 0.07 
3 BestFit 1 1 2 2 2 3.0 0.01 0.99 0.0 
3 2 1 1 2 3 1 3.0 0.02 0.22 0.76 
3 3 1 1 2 3 1 3.0 0.0 0.85 0.15 
3 BestFit 1 1 2 3 1 3.0 0.01 0.99 0.0 
3 2 1 1 2 3 2 3.0 0.0 0.33 0.67 
3 3 1 1 2 3 2 3.0 0.0 0.91 0.09 
3 BestFit 1 1 2 3 2 3.0 0.03 0.97 0.0 
3 2 1 1 3 1 1 3.0 0.02 0.27 0.71 
3 3 1 1 3 1 1 3.0 0.0 0.91 0.09 
3 BestFit 1 1 3 1 1 3.0 0.04 0.96 0.0 
3 2 1 1 3 1 2 3.0 0.0 0.24 0.76 
3 3 1 1 3 1 2 3.0 0.0 0.93 0.07 
3 BestFit 1 1 3 1 2 3.0 0.03 0.97 0.0 
3 2 1 1 3 2 1 3.0 0.01 0.36 0.63 
3 3 1 1 3 2 1 3.0 0.0 0.87 0.13 
3 BestFit 1 1 3 2 1 3.0 0.03 0.97 0.0 
3 2 1 1 3 2 2 3.0 0.0 0.34 0.66 
3 3 1 1 3 2 2 3.0 0.0 0.86 0.14 
3 BestFit 1 1 3 2 2 3.0 0.01 0.99 0.0 
3 2 1 1 3 3 1 3.0 0.01 0.23 0.76 
3 3 1 1 3 3 1 3.0 0.01 0.9 0.09 
3 BestFit 1 1 3 3 1 3.0 0.03 0.97 0.0 
3 2 1 1 3 3 2 3.0 0.0 0.25 0.75 
3 3 1 1 3 3 2 3.0 0.0 0.88 0.12 
3 BestFit 1 1 3 3 2 3.0 0.03 0.97 0.0 
3 2 1 2 1 1 1 3.0 0.0 0.25 0.75 
3 3 1 2 1 1 1 3.0 0.0 0.83 0.17 
3 BestFit 1 2 1 1 1 3.0 0.04 0.96 0.0 
3 2 1 2 1 1 2 3.0 0.0 0.29 0.71 
3 3 1 2 1 1 2 3.0 0.0 0.92 0.08 
3 BestFit 1 2 1 1 2 3.0 0.06 0.94 0.0 
3 2 1 2 1 2 1 3.0 0.03 0.26 0.71 
3 3 1 2 1 2 1 3.0 0.0 0.91 0.09 
3 BestFit 1 2 1 2 1 3.0 0.08 0.92 0.0 
3 2 1 2 1 2 2 3.0 0.0 0.29 0.71 
3 3 1 2 1 2 2 3.0 0.0 0.9 0.1 
3 BestFit 1 2 1 2 2 3.0 0.02 0.98 0.0 
3 2 1 2 1 3 1 3.0 0.01 0.25 0.74 
3 3 1 2 1 3 1 3.0 0.0 0.89 0.11 
3 BestFit 1 2 1 3 1 3.0 0.03 0.97 0.0 
3 2 1 2 1 3 2 3.0 0.0 0.28 0.72 
3 3 1 2 1 3 2 3.0 0.0 0.92 0.08 
3 BestFit 1 2 1 3 2 3.0 0.01 0.99 0.0 
3 2 1 2 2 1 1 3.0 0.0 0.32 0.68 
3 3 1 2 2 1 1 3.0 0.0 0.88 0.12 
3 BestFit 1 2 2 1 1 3.0 0.06 0.94 0.0 
3 2 1 2 2 1 2 3.0 0.02 0.22 0.76 
3 3 1 2 2 1 2 3.0 0.0 0.91 0.09 
3 BestFit 1 2 2 1 2 3.0 0.06 0.94 0.0 
3 2 1 2 2 2 1 3.0 0.01 0.4 0.59 
3 3 1 2 2 2 1 3.0 0.01 0.88 0.11 
3 BestFit 1 2 2 2 1 3.0 0.03 0.97 0.0 
3 2 1 2 2 2 2 3.0 0.03 0.15 0.82 
3 3 1 2 2 2 2 3.0 0.0 0.92 0.08 
3 BestFit 1 2 2 2 2 3.0 0.03 0.97 0.0 
3 2 1 2 2 3 1 3.0 0.01 0.26 0.73 
3 3 1 2 2 3 1 3.0 0.01 0.82 0.17 
3 BestFit 1 2 2 3 1 3.0 0.02 0.97 0.01 
3 2 1 2 2 3 2 3.0 0.0 0.31 0.69 
3 3 1 2 2 3 2 3.0 0.0 0.9 0.1 
3 BestFit 1 2 2 3 2 3.0 0.01 0.99 0.0 
3 2 1 2 3 1 1 3.0 0.0 0.26 0.74 
3 3 1 2 3 1 1 3.0 0.01 0.88 0.11 
3 BestFit 1 2 3 1 1 3.0 0.03 0.96 0.01 
3 2 1 2 3 1 2 3.0 0.0 0.24 0.76 
3 3 1 2 3 1 2 3.0 0.0 0.91 0.09 
3 BestFit 1 2 3 1 2 3.0 0.03 0.97 0.0 
3 2 1 2 3 2 1 3.0 0.01 0.31 0.68 
3 3 1 2 3 2 1 3.0 0.0 0.89 0.11 
3 BestFit 1 2 3 2 1 3.0 0.02 0.98 0.0 
3 2 1 2 3 2 2 3.0 0.03 0.3 0.67 
3 3 1 2 3 2 2 3.0 0.0 0.9 0.1 
3 BestFit 1 2 3 2 2 3.0 0.02 0.98 0.0 
3 2 1 2 3 3 1 3.0 0.01 0.23 0.76 
3 3 1 2 3 3 1 3.0 0.0 0.91 0.09 
3 BestFit 1 2 3 3 1 3.0 0.02 0.98 0.0 
3 2 1 2 3 3 2 3.0 0.0 0.27 0.73 
3 3 1 2 3 3 2 3.0 0.0 0.89 0.11 
3 BestFit 1 2 3 3 2 3.0 0.0 1.0 0.0 
3 2 1 3 1 1 1 3.0 0.0 0.34 0.66 
3 3 1 3 1 1 1 3.0 0.0 0.85 0.15 
3 BestFit 1 3 1 1 1 3.0 0.0 1.0 0.0 
3 2 1 3 1 1 2 3.0 0.0 0.28 0.72 
3 3 1 3 1 1 2 3.0 0.0 0.89 0.11 
3 BestFit 1 3 1 1 2 3.0 0.01 0.99 0.0 
3 2 1 3 1 2 1 3.0 0.0 0.26 0.74 
3 3 1 3 1 2 1 3.0 0.0 0.9 0.1 
3 BestFit 1 3 1 2 1 3.0 0.05 0.95 0.0 
3 2 1 3 1 2 2 3.0 0.0 0.32 0.68 
3 3 1 3 1 2 2 3.0 0.0 0.94 0.06 
3 BestFit 1 3 1 2 2 3.0 0.01 0.99 0.0 
3 2 1 3 1 3 1 3.0 0.01 0.34 0.65 
3 3 1 3 1 3 1 3.0 0.0 0.83 0.17 
3 BestFit 1 3 1 3 1 3.0 0.06 0.94 0.0 
3 2 1 3 1 3 2 3.0 0.0 0.3 0.7 
3 3 1 3 1 3 2 3.0 0.0 0.94 0.06 
3 BestFit 1 3 1 3 2 3.0 0.04 0.96 0.0 
3 2 1 3 2 1 1 3.0 0.0 0.32 0.68 
3 3 1 3 2 1 1 3.0 0.0 0.91 0.09 
3 BestFit 1 3 2 1 1 3.0 0.05 0.95 0.0 
3 2 1 3 2 1 2 3.0 0.0 0.28 0.72 
3 3 1 3 2 1 2 3.0 0.0 0.93 0.07 
3 BestFit 1 3 2 1 2 3.0 0.0 1.0 0.0 
3 2 1 3 2 2 1 3.0 0.0 0.23 0.77 
3 3 1 3 2 2 1 3.0 0.0 0.92 0.08 
3 BestFit 1 3 2 2 1 3.0 0.04 0.96 0.0 
3 2 1 3 2 2 2 3.0 0.0 0.28 0.72 
3 3 1 3 2 2 2 3.0 0.0 0.93 0.07 
3 BestFit 1 3 2 2 2 3.0 0.04 0.96 0.0 
3 2 1 3 2 3 1 3.0 0.01 0.26 0.73 
3 3 1 3 2 3 1 3.0 0.0 0.91 0.09 
3 BestFit 1 3 2 3 1 3.0 0.05 0.95 0.0 
3 2 1 3 2 3 2 3.0 0.0 0.26 0.74 
3 3 1 3 2 3 2 3.0 0.0 0.92 0.08 
3 BestFit 1 3 2 3 2 3.0 0.07 0.93 0.0 
3 2 1 3 3 1 1 3.0 0.0 0.26 0.74 
3 3 1 3 3 1 1 3.0 0.0 0.87 0.13 
3 BestFit 1 3 3 1 1 3.0 0.01 0.99 0.0 
3 2 1 3 3 1 2 3.0 0.0 0.23 0.77 
3 3 1 3 3 1 2 3.0 0.0 0.91 0.09 
3 BestFit 1 3 3 1 2 3.0 0.06 0.94 0.0 
3 2 1 3 3 2 1 3.0 0.0 0.21 0.79 
3 3 1 3 3 2 1 3.0 0.0 0.88 0.12 
3 BestFit 1 3 3 2 1 3.0 0.02 0.98 0.0 
3 2 1 3 3 2 2 3.0 0.02 0.31 0.67 
3 3 1 3 3 2 2 3.0 0.0 0.89 0.11 
3 BestFit 1 3 3 2 2 3.0 0.05 0.95 0.0 
3 2 1 3 3 3 1 3.0 0.0 0.28 0.72 
3 3 1 3 3 3 1 3.0 0.0 0.95 0.05 
3 BestFit 1 3 3 3 1 3.0 0.03 0.96 0.01 
3 2 1 3 3 3 2 3.0 0.0 0.24 0.76 
3 3 1 3 3 3 2 3.0 0.01 0.86 0.13 
3 BestFit 1 3 3 3 2 3.0 0.02 0.98 0.0 
3 2 2 1 1 1 1 3.0 0.0 0.28 0.72 
3 3 2 1 1 1 1 3.0 0.0 0.9 0.1 
3 BestFit 2 1 1 1 1 3.0 0.01 0.99 0.0 
3 2 2 1 1 1 2 3.0 0.0 0.29 0.71 
3 3 2 1 1 1 2 3.0 0.0 0.92 0.08 
3 BestFit 2 1 1 1 2 3.0 0.01 0.99 0.0 
3 2 2 1 1 2 1 3.0 0.01 0.35 0.64 
3 3 2 1 1 2 1 3.0 0.0 0.94 0.06 
3 BestFit 2 1 1 2 1 3.0 0.02 0.98 0.0 
3 2 2 1 1 2 2 3.0 0.01 0.22 0.77 
3 3 2 1 1 2 2 3.0 0.0 0.89 0.11 
3 BestFit 2 1 1 2 2 3.0 0.0 0.99 0.01 
3 2 2 1 1 3 1 3.0 0.0 0.26 0.74 
3 3 2 1 1 3 1 3.0 0.0 0.97 0.03 
3 BestFit 2 1 1 3 1 3.0 0.03 0.97 0.0 
3 2 2 1 1 3 2 3.0 0.01 0.25 0.74 
3 3 2 1 1 3 2 3.0 0.0 0.88 0.12 
3 BestFit 2 1 1 3 2 3.0 0.02 0.98 0.0 
3 2 2 1 2 1 1 3.0 0.0 0.29 0.71 
3 3 2 1 2 1 1 3.0 0.0 0.86 0.14 
3 BestFit 2 1 2 1 1 3.0 0.0 1.0 0.0 
3 2 2 1 2 1 2 3.0 0.03 0.27 0.7 
3 3 2 1 2 1 2 3.0 0.0 0.91 0.09 
3 BestFit 2 1 2 1 2 3.0 0.02 0.98 0.0 
3 2 2 1 2 2 1 3.0 0.0 0.3 0.7 
3 3 2 1 2 2 1 3.0 0.0 0.93 0.07 
3 BestFit 2 1 2 2 1 3.0 0.04 0.96 0.0 
3 2 2 1 2 2 2 3.0 0.0 0.32 0.68 
3 3 2 1 2 2 2 3.0 0.0 0.9 0.1 
3 BestFit 2 1 2 2 2 3.0 0.01 0.99 0.0 
3 2 2 1 2 3 1 3.0 0.03 0.27 0.7 
3 3 2 1 2 3 1 3.0 0.0 0.84 0.16 
3 BestFit 2 1 2 3 1 3.0 0.03 0.96 0.01 
3 2 2 1 2 3 2 3.0 0.0 0.28 0.72 
3 3 2 1 2 3 2 3.0 0.01 0.95 0.04 
3 BestFit 2 1 2 3 2 3.0 0.01 0.99 0.0 
3 2 2 1 3 1 1 3.0 0.01 0.26 0.73 
3 3 2 1 3 1 1 3.0 0.0 0.88 0.12 
3 BestFit 2 1 3 1 1 3.0 0.03 0.97 0.0 
3 2 2 1 3 1 2 3.0 0.0 0.34 0.66 
3 3 2 1 3 1 2 3.0 0.0 0.89 0.11 
3 BestFit 2 1 3 1 2 3.0 0.04 0.96 0.0 
3 2 2 1 3 2 1 3.0 0.02 0.33 0.65 
3 3 2 1 3 2 1 3.0 0.0 0.94 0.06 
3 BestFit 2 1 3 2 1 3.0 0.01 0.99 0.0 
3 2 2 1 3 2 2 3.0 0.01 0.26 0.73 
3 3 2 1 3 2 2 3.0 0.0 0.89 0.11 
3 BestFit 2 1 3 2 2 3.0 0.02 0.98 0.0 
3 2 2 1 3 3 1 3.0 0.0 0.29 0.71 
3 3 2 1 3 3 1 3.0 0.0 0.86 0.14 
3 BestFit 2 1 3 3 1 3.0 0.02 0.96 0.02 
3 2 2 1 3 3 2 3.0 0.0 0.36 0.64 
3 3 2 1 3 3 2 3.0 0.0 0.89 0.11 
3 BestFit 2 1 3 3 2 3.0 0.06 0.94 0.0 
3 2 2 2 1 1 1 3.0 0.0 0.23 0.77 
3 3 2 2 1 1 1 3.0 0.0 0.9 0.1 
3 BestFit 2 2 1 1 1 3.0 0.03 0.96 0.01 
3 2 2 2 1 1 2 3.0 0.01 0.29 0.7 
3 3 2 2 1 1 2 3.0 0.0 0.91 0.09 
3 BestFit 2 2 1 1 2 3.0 0.07 0.93 0.0 
3 2 2 2 1 2 1 3.0 0.0 0.28 0.72 
3 3 2 2 1 2 1 3.0 0.0 0.87 0.13 
3 BestFit 2 2 1 2 1 3.0 0.07 0.93 0.0 
3 2 2 2 1 2 2 3.0 0.0 0.22 0.78 
3 3 2 2 1 2 2 3.0 0.0 0.95 0.05 
3 BestFit 2 2 1 2 2 3.0 0.01 0.99 0.0 
3 2 2 2 1 3 1 3.0 0.01 0.25 0.74 
3 3 2 2 1 3 1 3.0 0.0 0.91 0.09 
3 BestFit 2 2 1 3 1 3.0 0.0 0.99 0.01 
3 2 2 2 1 3 2 3.0 0.02 0.31 0.67 
3 3 2 2 1 3 2 3.0 0.0 0.87 0.13 
3 BestFit 2 2 1 3 2 3.0 0.0 0.99 0.01 
3 2 2 2 2 1 1 3.0 0.01 0.35 0.64 
3 3 2 2 2 1 1 3.0 0.0 0.9 0.1 
3 BestFit 2 2 2 1 1 3.0 0.04 0.96 0.0 
3 2 2 2 2 1 2 3.0 0.0 0.17 0.83 
3 3 2 2 2 1 2 3.0 0.0 0.91 0.09 
3 BestFit 2 2 2 1 2 3.0 0.05 0.95 0.0 
3 2 2 2 2 2 1 3.0 0.0 0.28 0.72 
3 3 2 2 2 2 1 3.0 0.0 0.92 0.08 
3 BestFit 2 2 2 2 1 3.0 0.02 0.98 0.0 
3 2 2 2 2 2 2 3.0 0.0 0.28 0.72 
3 3 2 2 2 2 2 3.0 0.0 0.88 0.12 
3 BestFit 2 2 2 2 2 3.0 0.02 0.98 0.0 
3 2 2 2 2 3 1 3.0 0.02 0.23 0.75 
3 3 2 2 2 3 1 3.0 0.0 0.87 0.13 
3 BestFit 2 2 2 3 1 3.0 0.01 0.99 0.0 
3 2 2 2 2 3 2 3.0 0.0 0.28 0.72 
3 3 2 2 2 3 2 3.0 0.0 0.92 0.08 
3 BestFit 2 2 2 3 2 3.0 0.08 0.92 0.0 
3 2 2 2 3 1 1 3.0 0.0 0.2 0.8 
3 3 2 2 3 1 1 3.0 0.0 0.84 0.16 
3 BestFit 2 2 3 1 1 3.0 0.05 0.95 0.0 
3 2 2 2 3 1 2 3.0 0.0 0.31 0.69 
3 3 2 2 3 1 2 3.0 0.0 0.84 0.16 
3 BestFit 2 2 3 1 2 3.0 0.08 0.92 0.0 
3 2 2 2 3 2 1 3.0 0.0 0.34 0.66 
3 3 2 2 3 2 1 3.0 0.0 0.89 0.11 
3 BestFit 2 2 3 2 1 3.0 0.02 0.98 0.0 
3 2 2 2 3 2 2 3.0 0.03 0.21 0.76 
3 3 2 2 3 2 2 3.0 0.0 0.85 0.15 
3 BestFit 2 2 3 2 2 3.0 0.07 0.93 0.0 
3 2 2 2 3 3 1 3.0 0.02 0.33 0.65 
3 3 2 2 3 3 1 3.0 0.0 0.91 0.09 
3 BestFit 2 2 3 3 1 3.0 0.01 0.99 0.0 
3 2 2 2 3 3 2 3.0 0.0 0.27 0.73 
3 3 2 2 3 3 2 3.0 0.0 0.91 0.09 
3 BestFit 2 2 3 3 2 3.0 0.04 0.96 0.0 
3 2 2 3 1 1 1 3.0 0.01 0.29 0.7 
3 3 2 3 1 1 1 3.0 0.0 0.87 0.13 
3 BestFit 2 3 1 1 1 3.0 0.0 0.99 0.01 
3 2 2 3 1 1 2 3.0 0.0 0.28 0.72 
3 3 2 3 1 1 2 3.0 0.01 0.86 0.13 
3 BestFit 2 3 1 1 2 3.0 0.04 0.96 0.0 
3 2 2 3 1 2 1 3.0 0.0 0.3 0.7 
3 3 2 3 1 2 1 3.0 0.0 0.88 0.12 
3 BestFit 2 3 1 2 1 3.0 0.04 0.96 0.0 
3 2 2 3 1 2 2 3.0 0.02 0.3 0.68 
3 3 2 3 1 2 2 3.0 0.0 0.89 0.11 
3 BestFit 2 3 1 2 2 3.0 0.03 0.97 0.0 
3 2 2 3 1 3 1 3.0 0.0 0.33 0.67 
3 3 2 3 1 3 1 3.0 0.0 0.83 0.17 
3 BestFit 2 3 1 3 1 3.0 0.01 0.99 0.0 
3 2 2 3 1 3 2 3.0 0.0 0.26 0.74 
3 3 2 3 1 3 2 3.0 0.0 0.93 0.07 
3 BestFit 2 3 1 3 2 3.0 0.01 0.99 0.0 
3 2 2 3 2 1 1 3.0 0.0 0.24 0.76 
3 3 2 3 2 1 1 3.0 0.0 0.95 0.05 
3 BestFit 2 3 2 1 1 3.0 0.03 0.97 0.0 
3 2 2 3 2 1 2 3.0 0.0 0.26 0.74 
3 3 2 3 2 1 2 3.0 0.0 0.86 0.14 
3 BestFit 2 3 2 1 2 3.0 0.03 0.97 0.0 
3 2 2 3 2 2 1 3.0 0.02 0.19 0.79 
3 3 2 3 2 2 1 3.0 0.0 0.92 0.08 
3 BestFit 2 3 2 2 1 3.0 0.0 0.99 0.01 
3 2 2 3 2 2 2 3.0 0.02 0.23 0.75 
3 3 2 3 2 2 2 3.0 0.0 0.96 0.04 
3 BestFit 2 3 2 2 2 3.0 0.02 0.98 0.0 
3 2 2 3 2 3 1 3.0 0.01 0.22 0.77 
3 3 2 3 2 3 1 3.0 0.0 0.91 0.09 
3 BestFit 2 3 2 3 1 3.0 0.01 0.99 0.0 
3 2 2 3 2 3 2 3.0 0.02 0.24 0.74 
3 3 2 3 2 3 2 3.0 0.0 0.89 0.11 
3 BestFit 2 3 2 3 2 3.0 0.04 0.95 0.01 
3 2 2 3 3 1 1 3.0 0.0 0.2 0.8 
3 3 2 3 3 1 1 3.0 0.0 0.9 0.1 
3 BestFit 2 3 3 1 1 3.0 0.01 0.99 0.0 
3 2 2 3 3 1 2 3.0 0.01 0.23 0.76 
3 3 2 3 3 1 2 3.0 0.0 0.96 0.04 
3 BestFit 2 3 3 1 2 3.0 0.04 0.96 0.0 
3 2 2 3 3 2 1 3.0 0.0 0.34 0.66 
3 3 2 3 3 2 1 3.0 0.0 0.89 0.11 
3 BestFit 2 3 3 2 1 3.0 0.01 0.99 0.0 
3 2 2 3 3 2 2 3.0 0.0 0.26 0.74 
3 3 2 3 3 2 2 3.0 0.0 0.87 0.13 
3 BestFit 2 3 3 2 2 3.0 0.01 0.99 0.0 
3 2 2 3 3 3 1 3.0 0.01 0.27 0.72 
3 3 2 3 3 3 1 3.0 0.0 0.88 0.12 
3 BestFit 2 3 3 3 1 3.0 0.03 0.97 0.0 
3 2 2 3 3 3 2 3.0 0.0 0.36 0.64 
3 3 2 3 3 3 2 3.0 0.0 0.92 0.08 
3 BestFit 2 3 3 3 2 3.0 0.03 0.97 0.0 
